700
2318
1398
939
175
1299
1211
5
941
27
2828
3988
388
3333
1928
1357
883
1918
2822
2628
2800
1
981
763
2382
1972
16
688
386
656
1359
2007
2388
1638
3968
2799
857
2600
1288
1668
2238
2018
2601
1109
2823
3188
2202
2333
2689
1113
3328
823
1336
1088
3800
1115
1478
12
3908
1114
522
200
1800
6030
806
3993
2777
4
1168
2319
285
2328
708
6837
288
1128
1766
1038
17
2
998
762
66
813
2688
777
358
11
3
2282
1044
669
6881
932
728
2020
2888
1530
6
884
3383
1099
992
966
494
410
1988
2313
552
6886
1169
604
257
1171
3380
270
1193
19
960
1910
914
101
868
1816
881
880
3888
3320
6823
2009
148
363
1919
390
2314
322
1361
3883
1813
902
267
3323
1093
425
665
799
152
551
489
384
1317
2196
1628
1316
2342
1177
291
877
7228
6169
127
1958
6869
3898
6088
836
2883
6068
3311
1313
1339
2331
7300
16852
1415
8137
317
2098
694
1186
144
3377
1548
698
1569
1728
3618
392
2186
3918
1888
1966
151
659
83
338
241
1571
1696
20
2840
2669
817
8227
867
683
2588
293
1929
3638
123
2380
1208
135
751
1898
1913
947
1658
323
1031
3669
968
1776
2343
7288
1462
2006
586
330
189
6818
316
8292
272
371
2607
3606
142
1812
14
819
486
7267
598
1788
590
3933
1347
347
639
956
7200
1112
1055
1882
53
576
2833
8
297
607
6066
81
2727
2638
2138
6808
7321
2338
268
400
6099
3836
958
753
337
2199
916
2899
3339
1818
354
581
179
1428
3306
1970
3331
696
3808
8283
327
87
165
69
1528
951
16823
506
2001
177
405
3900
2866
303
1010
1508
10
1233
1893
3799
59
2280
2128
963
3396
1360
2038
1622
308
17081
3983
606
855
119
1157
23
8050
1148
994
1458
2386
15733
1585
1098
2268
1293
2357
1618
1066
1999
2099
2208
1138
658
178
754
1558
173
7221
1060
2778
525
7388
3958
816
439
2303
732
460
6198
3301
778
2868
368
686
2356
365
860
1609
950
17872
1700
570
716
874
1199
3360
1308
1639
207
2002
440
1899
636
1980
2662
8232
2233
1030
1666
168
1829
672
1676
1777
1257
1515
2362
215
815
1363
563
670
1003
7341
8207
978
1883
1333
520
2269
1866
54
1269
934
17898
1071
1520
579
611
6128
548
1302
711
220
915
921
230
3818
1238
906
376
1982
991
612
3969
1630
3382
2869
1963
488
1117
95
1043
7230
2666
336
1885
1083
198
