人民币: 余额:33.40  可用:33.40  参考市值:2162781.20  资产:2162814.60  盈亏:0.00 
-------------------------------------------------------------------------------------------------------

证券名称        证券数量        可卖数量        成本价         浮动盈亏        盈亏比例(%)        最新市值         当前价         今买数量        今卖数量        证券代码        股东代码          
万 科Ａ         4000            4000            37.500         0.00            0.00               150000.00        37.500         0               0               000002          0604689138        
美的集团        5000            5000            59.340         0.00            0.00               296700.00        59.340         0               0               000333          0604689138        
五 粮 液        500             500             82.980         0.00            0.00               41490.00         82.980         0               0               000858          0604689138        
华大基因        400             400             158.820        0.00            0.00               63528.00         158.820        0               0               300676          0604689138        
50ETF           30000           30000           3.134          0.00            0.00               94020.00         3.134          0               0               510050          E046935023        
招商银行        5000            5000            34.450         0.00            0.00               172250.00        34.450         0               0               600036          E046935023        
贵州茅台        1000            1000            757.730        0.00            0.00               757730.00        757.730        0               0               600519          E046935023        
长江电力        17645           17645           16.160         0.00            0.00               285143.20        16.160         0               0               600900          E046935023        
中国平安        4000            4000            75.480         0.00            0.00               301920.00        75.480         0               0               601318          E046935023        
