Feb 20, 2019	2784.7	2779.05	2789.88	2774.06
Feb 19, 2019	2779.76	2769.28	2787.33	2767.29
Feb 15, 2019	2775.6	2760.24	2775.66	2760.24
Feb 14, 2019	2745.73	2743.5	2757.9	2731.23
Feb 13, 2019	2753.03	2750.3	2761.85	2748.63
Feb 12, 2019	2744.73	2722.61	2748.19	2722.61
Feb 11, 2019	2709.8	2712.4	2718.05	2703.79
Feb 08, 2019	2707.88	2692.36	2708.07	2681.83
Feb 07, 2019	2706.05	2717.53	2719.32	2687.26
Feb 06, 2019	2731.61	2735.05	2738.08	2724.15
Feb 05, 2019	2737.7	2728.34	2738.98	2724.03
Feb 04, 2019	2724.87	2706.49	2724.99	2698.75
Feb 01, 2019	2706.53	2702.32	2716.66	2696.88
Jan 31, 2019	2704.1	2685.49	2708.95	2678.65
Jan 30, 2019	2681.05	2653.62	2690.44	2648.34
Jan 29, 2019	2640	2644.89	2650.93	2631.05
Jan 28, 2019	2643.85	2644.97	2644.97	2624.06
Jan 25, 2019	2664.76	2657.44	2672.38	2657.33
Jan 24, 2019	2642.33	2638.84	2647.2	2627.01
Jan 23, 2019	2638.7	2643.48	2653.19	2612.86
Jan 22, 2019	2632.9	2657.88	2657.88	2617.27
Jan 18, 2019	2670.71	2651.27	2675.47	2647.58
Jan 17, 2019	2635.96	2609.28	2645.06	2606.36
Jan 16, 2019	2616.1	2614.75	2625.76	2612.68
Jan 15, 2019	2610.3	2585.1	2613.08	2585.1
Jan 14, 2019	2582.61	2580.31	2589.32	2570.41
Jan 11, 2019	2596.26	2588.11	2596.27	2577.4
Jan 10, 2019	2596.64	2573.51	2597.82	2562.02
Jan 09, 2019	2584.96	2580	2595.32	2568.89
Jan 08, 2019	2574.41	2568.11	2579.82	2547.56
Jan 07, 2019	2549.69	2535.61	2566.16	2524.56
Jan 04, 2019	2531.94	2474.33	2538.07	2474.33
Jan 03, 2019	2447.89	2491.92	2493.14	2443.96
Jan 02, 2019	2510.03	2476.96	2519.49	2467.47
Dec 31, 2018	2506.85	2498.94	2509.24	2482.82
Dec 28, 2018	2485.74	2498.77	2520.27	2472.89
Dec 27, 2018	2488.83	2442.5	2489.1	2397.94
Dec 26, 2018	2467.7	2363.12	2467.76	2346.58
Dec 24, 2018	2351.1	2400.56	2410.34	2351.1
Dec 21, 2018	2416.62	2465.38	2504.41	2408.55
Dec 20, 2018	2467.42	2496.77	2509.63	2441.18
Dec 19, 2018	2506.96	2547.05	2585.29	2488.96
Dec 18, 2018	2546.16	2559.9	2573.99	2528.71
Dec 17, 2018	2545.94	2590.75	2601.13	2530.54
Dec 14, 2018	2599.95	2629.68	2635.07	2593.84
Dec 13, 2018	2650.54	2658.7	2670.19	2637.27
Dec 12, 2018	2651.07	2658.23	2685.44	2650.26
Dec 11, 2018	2636.78	2664.44	2674.35	2621.3
Dec 10, 2018	2637.72	2630.86	2647.51	2583.23
Dec 07, 2018	2633.08	2691.26	2708.54	2623.14
Dec 06, 2018	2695.95	2663.51	2696.15	2621.53
Dec 04, 2018	2700.06	2782.43	2785.93	2697.18
Dec 03, 2018	2790.37	2790.5	2800.18	2773.38
Nov 30, 2018	2760.17	2737.76	2760.88	2732.76
Nov 29, 2018	2737.76	2736.97	2753.75	2722.94
Nov 28, 2018	2743.79	2691.45	2744	2684.38
Nov 27, 2018	2682.17	2663.75	2682.53	2655.89
Nov 26, 2018	2673.45	2649.97	2674.35	2649.97
Nov 23, 2018	2632.56	2633.36	2647.55	2631.09
Nov 21, 2018	2649.93	2657.74	2670.73	2649.82
Nov 20, 2018	2641.89	2654.6	2669.44	2631.52
Nov 19, 2018	2690.73	2730.74	2733.16	2681.09
Nov 16, 2018	2736.27	2718.54	2746.75	2712.16
Nov 15, 2018	2730.2	2693.52	2735.38	2670.75
Nov 14, 2018	2701.58	2737.9	2746.8	2685.75
Nov 13, 2018	2722.18	2730.05	2754.6	2714.98
Nov 12, 2018	2726.22	2773.93	2775.99	2722
Nov 09, 2018	2781.01	2794.1	2794.1	2764.24
Nov 08, 2018	2806.83	2806.38	2814.75	2794.99
Nov 07, 2018	2813.89	2774.13	2815.15	2774.13
Nov 06, 2018	2755.45	2738.4	2756.82	2737.08
Nov 05, 2018	2738.31	2726.37	2744.27	2717.94
Nov 02, 2018	2723.06	2745.45	2756.55	2700.44
Nov 01, 2018	2740.37	2717.58	2741.67	2708.85
Oct 31, 2018	2711.74	2705.6	2736.69	2705.6
Oct 30, 2018	2682.63	2640.68	2685.43	2635.34
Oct 29, 2018	2641.25	2682.65	2706.85	2603.54
Oct 26, 2018	2658.69	2667.86	2692.38	2628.16
Oct 25, 2018	2705.57	2674.88	2722.7	2667.84
Oct 24, 2018	2656.1	2737.87	2742.59	2651.89
Oct 23, 2018	2740.69	2721.03	2753.59	2691.43
Oct 22, 2018	2755.88	2773.94	2778.94	2749.22
Oct 19, 2018	2767.78	2775.66	2797.77	2760.27
Oct 18, 2018	2768.78	2802	2806.04	2755.18
Oct 17, 2018	2809.21	2811.67	2816.94	2781.81
Oct 16, 2018	2809.92	2767.05	2813.46	2766.91
Oct 15, 2018	2750.79	2763.83	2775.99	2749.03
Oct 12, 2018	2767.13	2770.54	2775.77	2729.44
Oct 11, 2018	2728.37	2776.87	2795.14	2710.51
Oct 10, 2018	2785.68	2873.9	2874.02	2784.86
Oct 09, 2018	2880.34	2882.51	2894.83	2874.27
Oct 08, 2018	2884.43	2877.53	2889.45	2862.08
Oct 05, 2018	2885.57	2902.54	2909.64	2869.29
Oct 04, 2018	2901.61	2919.35	2919.78	2883.92
Oct 03, 2018	2925.51	2931.69	2939.86	2921.36
Oct 02, 2018	2923.43	2923.8	2931.42	2919.37
Oct 01, 2018	2924.59	2926.29	2937.06	2917.91
Sep 28, 2018	2913.98	2910.03	2920.53	2907.5
Sep 27, 2018	2914	2911.65	2927.22	2909.27
Sep 26, 2018	2905.97	2916.98	2931.15	2903.28
Sep 25, 2018	2915.56	2921.75	2923.95	2913.7
Sep 24, 2018	2919.37	2921.83	2923.79	2912.63
Sep 21, 2018	2929.67	2936.76	2940.91	2927.11
Sep 20, 2018	2930.75	2919.73	2934.8	2919.73
Sep 19, 2018	2907.95	2906.6	2912.36	2903.82
Sep 18, 2018	2904.31	2890.74	2911.17	2890.43
Sep 17, 2018	2888.8	2903.83	2904.65	2886.16
Sep 14, 2018	2904.98	2906.38	2908.3	2895.77
Sep 13, 2018	2904.18	2896.85	2906.76	2896.39
Sep 12, 2018	2888.92	2888.29	2894.65	2879.2
Sep 11, 2018	2887.89	2871.57	2892.52	2866.78
Sep 10, 2018	2877.13	2881.39	2886.93	2875.94
Sep 07, 2018	2871.68	2868.26	2883.81	2864.12
Sep 06, 2018	2878.05	2888.64	2892.05	2867.29
Sep 05, 2018	2888.6	2891.59	2894.21	2876.92
Sep 04, 2018	2896.72	2896.96	2900.18	2885.13
Aug 31, 2018	2901.52	2898.37	2906.32	2891.73
Aug 30, 2018	2901.13	2908.94	2912.46	2895.22
Aug 29, 2018	2914.04	2900.62	2916.5	2898.4
Aug 28, 2018	2897.52	2901.45	2903.77	2893.5
Aug 27, 2018	2896.74	2884.69	2898.25	2884.69
Aug 24, 2018	2874.69	2862.35	2876.16	2862.35
Aug 23, 2018	2856.98	2860.29	2868.78	2854.03
Aug 22, 2018	2861.82	2860.99	2867.54	2856.05
Aug 21, 2018	2862.96	2861.51	2873.23	2861.32
Aug 20, 2018	2857.05	2853.93	2859.76	2850.62
Aug 17, 2018	2850.13	2838.32	2855.63	2833.73
Aug 16, 2018	2840.69	2831.44	2850.49	2831.44
Aug 15, 2018	2818.37	2827.95	2827.95	2802.49
Aug 14, 2018	2839.96	2827.88	2843.11	2826.58
Aug 13, 2018	2821.93	2835.46	2843.4	2819.88
Aug 10, 2018	2833.28	2839.64	2842.2	2825.81
Aug 09, 2018	2853.58	2857.19	2862.48	2851.98
Aug 08, 2018	2857.7	2856.79	2862.44	2853.09
Aug 07, 2018	2858.45	2855.92	2863.43	2855.92
Aug 06, 2018	2850.4	2840.29	2853.29	2835.98
Aug 03, 2018	2840.35	2829.62	2840.38	2827.37
Aug 02, 2018	2827.22	2800.48	2829.91	2796.34
Aug 01, 2018	2813.36	2821.17	2825.83	2805.85
Jul 31, 2018	2816.29	2809.73	2824.46	2808.06
Jul 30, 2018	2802.6	2819	2821.74	2798.11
Jul 27, 2018	2818.82	2842.35	2843.17	2808.34
Jul 26, 2018	2837.44	2835.49	2845.57	2835.26
Jul 25, 2018	2846.07	2817.73	2848.03	2817.73
Jul 24, 2018	2820.4	2820.68	2829.99	2811.12
Jul 23, 2018	2806.98	2799.17	2808.61	2795.14
Jul 20, 2018	2801.83	2804.55	2809.7	2800.01
Jul 19, 2018	2804.49	2809.37	2812.05	2799.77
Jul 18, 2018	2815.62	2811.35	2816.76	2805.89
Jul 17, 2018	2809.55	2789.34	2814.19	2789.24
Jul 16, 2018	2798.43	2801.43	2803.71	2793.39
Jul 13, 2018	2801.31	2796.93	2804.53	2791.69
Jul 12, 2018	2798.29	2783.14	2799.22	2781.53
Jul 11, 2018	2774.02	2779.82	2785.91	2770.77
Jul 10, 2018	2793.84	2788.56	2795.58	2786.24
Jul 09, 2018	2784.17	2768.51	2784.65	2768.51
Jul 06, 2018	2759.82	2737.68	2764.41	2733.52
Jul 05, 2018	2736.61	2724.19	2737.83	2716.02
Jul 03, 2018	2713.22	2733.27	2736.58	2711.16
Jul 02, 2018	2726.71	2704.95	2727.26	2698.95
Jun 29, 2018	2718.37	2727.13	2743.26	2718.03
Jun 28, 2018	2716.31	2698.69	2724.34	2691.99
Jun 27, 2018	2699.63	2728.45	2746.09	2699.38
Jun 26, 2018	2723.06	2722.12	2732.91	2715.6
Jun 25, 2018	2717.07	2742.94	2742.94	2698.67
Jun 22, 2018	2754.88	2760.79	2764.17	2752.68
Jun 21, 2018	2749.76	2769.28	2769.28	2744.39
Jun 20, 2018	2767.32	2769.73	2774.86	2763.91
Jun 19, 2018	2762.59	2752.01	2765.05	2743.19
Jun 18, 2018	2773.75	2765.79	2774.99	2757.12
Jun 15, 2018	2779.66	2777.78	2782.81	2761.73
Jun 14, 2018	2782.49	2783.21	2789.06	2776.52
Jun 13, 2018	2775.63	2787.94	2791.47	2774.65
Jun 12, 2018	2786.85	2785.6	2789.8	2778.78
Jun 11, 2018	2782	2780.18	2790.21	2780.17
Jun 08, 2018	2779.03	2765.84	2779.39	2763.59
Jun 07, 2018	2770.37	2774.84	2779.9	2760.16
Jun 06, 2018	2772.35	2753.25	2772.39	2748.46
Jun 05, 2018	2748.8	2748.46	2752.61	2739.51
Jun 04, 2018	2746.87	2741.67	2749.16	2740.54
Jun 01, 2018	2734.62	2718.7	2736.93	2718.7
May 31, 2018	2705.27	2720.98	2722.5	2700.68
May 30, 2018	2724.01	2702.43	2729.34	2702.43
May 29, 2018	2689.86	2705.11	2710.67	2676.81
May 25, 2018	2721.33	2723.6	2727.36	2714.99
May 24, 2018	2727.76	2730.94	2731.97	2707.38
May 23, 2018	2733.29	2713.98	2733.33	2709.54
May 22, 2018	2724.44	2738.34	2742.24	2721.88
May 21, 2018	2733.01	2725.95	2739.19	2725.7
May 18, 2018	2712.97	2717.35	2719.5	2709.18
May 17, 2018	2720.13	2719.71	2731.96	2711.36
May 16, 2018	2722.46	2712.62	2727.76	2712.17
May 15, 2018	2711.45	2718.59	2718.59	2701.91
May 14, 2018	2730.13	2733.37	2742.1	2725.47
May 11, 2018	2727.72	2722.7	2732.86	2717.45
May 10, 2018	2723.07	2705.02	2726.11	2704.54
May 09, 2018	2697.79	2678.12	2701.27	2674.14
May 08, 2018	2671.92	2670.26	2676.34	2655.2
May 07, 2018	2672.63	2669.36	2683.35	2664.7
May 04, 2018	2663.42	2621.45	2670.93	2615.32
May 03, 2018	2629.73	2628.08	2637.14	2594.62
May 02, 2018	2635.67	2654.24	2660.87	2631.7
May 01, 2018	2654.8	2643.64	2655.27	2625.41
Apr 30, 2018	2648.05	2675.05	2682.92	2648.04
Apr 27, 2018	2669.91	2675.47	2677.35	2659.01
Apr 26, 2018	2666.94	2651.65	2676.48	2647.16
Apr 25, 2018	2639.4	2634.92	2645.3	2612.67
Apr 24, 2018	2634.56	2680.8	2683.55	2617.32
Apr 23, 2018	2670.29	2675.4	2682.86	2657.99
Apr 20, 2018	2670.14	2692.56	2693.94	2660.61
Apr 19, 2018	2693.13	2701.16	2702.84	2681.9
Apr 18, 2018	2708.64	2710.11	2717.49	2703.63
Apr 17, 2018	2706.39	2692.74	2713.34	2692.05
Apr 16, 2018	2677.84	2670.1	2686.49	2665.16
Apr 13, 2018	2656.3	2676.9	2680.26	2645.05
Apr 12, 2018	2663.99	2653.83	2674.72	2653.83
Apr 11, 2018	2642.19	2643.89	2661.43	2639.25
Apr 10, 2018	2656.87	2638.41	2665.45	2635.78
Apr 09, 2018	2613.16	2617.18	2653.55	2610.79
Apr 06, 2018	2604.47	2645.82	2656.88	2586.27
Apr 05, 2018	2662.84	2657.36	2672.08	2649.58
Apr 04, 2018	2644.69	2584.04	2649.86	2573.61
Apr 03, 2018	2614.45	2592.17	2619.14	2575.49
Apr 02, 2018	2581.88	2633.45	2638.3	2553.8
Mar 29, 2018	2640.87	2614.41	2659.07	2609.72
Mar 28, 2018	2605	2611.3	2632.65	2593.06
Mar 27, 2018	2612.62	2667.57	2674.78	2596.12
Mar 26, 2018	2658.55	2619.35	2661.36	2601.81
Mar 23, 2018	2588.26	2646.71	2657.67	2585.89
Mar 22, 2018	2643.69	2691.36	2695.68	2641.59
Mar 21, 2018	2711.93	2714.99	2739.14	2709.79
Mar 20, 2018	2716.94	2715.05	2724.22	2710.05
Mar 19, 2018	2712.92	2741.38	2741.38	2694.59
Mar 16, 2018	2752.01	2750.57	2761.85	2749.97
Mar 15, 2018	2747.33	2754.27	2763.03	2741.47
Mar 14, 2018	2749.48	2774.06	2777.11	2744.38
Mar 13, 2018	2765.31	2792.31	2801.9	2758.68
Mar 12, 2018	2783.02	2790.54	2796.98	2779.26
Mar 09, 2018	2786.57	2752.91	2786.57	2751.54
Mar 08, 2018	2738.97	2732.75	2740.45	2722.65
Mar 07, 2018	2726.8	2710.18	2730.6	2701.74
Mar 06, 2018	2728.12	2730.18	2732.08	2711.26
Mar 05, 2018	2720.94	2681.06	2728.09	2675.75
Mar 02, 2018	2691.25	2658.89	2696.25	2647.32
Mar 01, 2018	2677.67	2715.22	2730.89	2659.65
Feb 28, 2018	2713.83	2753.78	2761.52	2713.54
Feb 27, 2018	2744.28	2780.45	2789.15	2744.22
Feb 26, 2018	2779.6	2757.37	2780.64	2753.78
Feb 23, 2018	2747.3	2715.8	2747.76	2713.74
Feb 22, 2018	2703.96	2710.42	2731.26	2697.77
Feb 21, 2018	2701.33	2720.53	2747.75	2701.29
Feb 20, 2018	2716.26	2722.99	2737.6	2706.76
Feb 16, 2018	2732.22	2727.14	2754.42	2725.11
Feb 15, 2018	2731.2	2713.46	2731.51	2689.82
Feb 14, 2018	2698.63	2651.21	2702.1	2648.87
Feb 13, 2018	2662.94	2646.27	2668.84	2637.08
Feb 12, 2018	2656	2636.75	2672.61	2622.45
Feb 09, 2018	2619.55	2601.78	2638.67	2532.69
Feb 08, 2018	2581	2685.01	2685.27	2580.56
Feb 07, 2018	2681.66	2690.95	2727.67	2681.33
Feb 06, 2018	2695.14	2614.78	2701.04	2593.07
Feb 05, 2018	2648.94	2741.06	2763.39	2638.17
Feb 02, 2018	2762.13	2808.92	2808.92	2759.97
Feb 01, 2018	2821.98	2816.45	2835.96	2812.7
Jan 31, 2018	2823.81	2832.41	2839.26	2813.04
Jan 30, 2018	2822.43	2832.74	2837.75	2818.27
Jan 29, 2018	2853.53	2867.23	2870.62	2851.48
Jan 26, 2018	2872.87	2847.48	2872.87	2846.18
Jan 25, 2018	2839.25	2846.24	2848.56	2830.94
Jan 24, 2018	2837.54	2845.42	2852.97	2824.81
Jan 23, 2018	2839.13	2835.05	2842.24	2830.59
Jan 22, 2018	2832.97	2809.16	2833.03	2808.12
Jan 19, 2018	2810.3	2802.6	2810.33	2798.08
Jan 18, 2018	2798.03	2802.4	2805.83	2792.56
Jan 17, 2018	2802.56	2784.99	2807.04	2778.38
Jan 16, 2018	2776.42	2798.96	2807.54	2768.64
Jan 12, 2018	2786.24	2770.18	2787.85	2769.64
Jan 11, 2018	2767.56	2752.97	2767.56	2752.78
Jan 10, 2018	2748.23	2745.55	2750.8	2736.06
Jan 09, 2018	2751.29	2751.15	2759.14	2747.86
Jan 08, 2018	2747.71	2742.67	2748.51	2737.6
Jan 05, 2018	2743.15	2731.33	2743.45	2727.92
Jan 04, 2018	2723.99	2719.31	2729.29	2719.07
Jan 03, 2018	2713.06	2697.85	2714.37	2697.77
Jan 02, 2018	2695.81	2683.73	2695.89	2682.36
Dec 29, 2017	2673.61	2689.15	2692.12	2673.61
Dec 28, 2017	2687.54	2686.1	2687.66	2682.69
Dec 27, 2017	2682.62	2682.1	2685.64	2678.91
Dec 26, 2017	2680.5	2679.09	2682.74	2677.96
Dec 22, 2017	2683.34	2684.22	2685.35	2678.13
Dec 21, 2017	2684.57	2683.02	2692.64	2682.4
Dec 20, 2017	2679.25	2688.18	2691.01	2676.11
Dec 19, 2017	2681.47	2692.71	2694.44	2680.74
Dec 18, 2017	2690.16	2685.92	2694.97	2685.92
Dec 15, 2017	2675.81	2660.63	2679.63	2659.14
Dec 14, 2017	2652.01	2665.87	2668.09	2652.01
Dec 13, 2017	2662.85	2667.59	2671.88	2662.85
Dec 12, 2017	2664.11	2661.73	2669.72	2659.78
Dec 11, 2017	2659.99	2652.19	2660.33	2651.47
Dec 08, 2017	2651.5	2646.21	2651.65	2644.1
Dec 07, 2017	2636.98	2628.38	2640.99	2626.53
Dec 06, 2017	2629.27	2626.24	2634.41	2624.75
Dec 05, 2017	2629.57	2639.78	2648.72	2627.73
Dec 04, 2017	2639.44	2657.19	2665.19	2639.03
Dec 01, 2017	2642.22	2645.1	2650.62	2605.52
Nov 30, 2017	2647.58	2633.93	2657.74	2633.93
Nov 29, 2017	2626.07	2627.82	2634.89	2620.32
Nov 28, 2017	2627.04	2605.94	2627.69	2605.44
Nov 27, 2017	2601.42	2602.66	2606.41	2598.87
Nov 24, 2017	2602.42	2600.42	2604.21	2600.42
Nov 22, 2017	2597.08	2600.31	2600.94	2595.23
Nov 21, 2017	2599.03	2589.17	2601.19	2589.17
Nov 20, 2017	2582.14	2579.49	2584.64	2578.24
Nov 17, 2017	2578.85	2582.94	2583.96	2577.62
Nov 16, 2017	2585.64	2572.95	2590.09	2572.95
Nov 15, 2017	2564.62	2569.45	2572.84	2557.45
Nov 14, 2017	2578.87	2577.75	2579.66	2566.56
Nov 13, 2017	2584.84	2576.53	2587.66	2574.48
Nov 10, 2017	2582.3	2580.18	2583.81	2575.57
Nov 09, 2017	2584.62	2584	2586.5	2566.33
Nov 08, 2017	2594.38	2588.71	2595.47	2585.02
Nov 07, 2017	2590.64	2592.11	2597.02	2584.35
Nov 06, 2017	2591.13	2587.47	2593.38	2585.66
Nov 03, 2017	2587.84	2581.93	2588.42	2576.77
Nov 02, 2017	2579.85	2579.46	2581.11	2566.17
Nov 01, 2017	2579.36	2583.21	2588.4	2574.92
Oct 31, 2017	2575.26	2575.99	2578.29	2572.15
Oct 30, 2017	2572.83	2577.75	2580.03	2568.25
Oct 27, 2017	2581.07	2570.26	2582.98	2565.94
Oct 26, 2017	2560.4	2560.08	2567.07	2559.8
Oct 25, 2017	2557.15	2566.52	2567.4	2544
Oct 24, 2017	2569.13	2568.66	2572.18	2565.58
Oct 23, 2017	2564.98	2578.08	2578.29	2564.33
Oct 20, 2017	2575.21	2567.56	2575.44	2567.56
Oct 19, 2017	2562.1	2553.39	2562.36	2547.92
Oct 18, 2017	2561.26	2562.87	2564.11	2559.67
Oct 17, 2017	2559.36	2557.17	2559.71	2554.69
Oct 16, 2017	2557.64	2555.57	2559.47	2552.64
Oct 13, 2017	2553.17	2555.66	2557.65	2552.09
Oct 12, 2017	2550.93	2552.88	2555.33	2548.31
Oct 11, 2017	2555.24	2550.62	2555.24	2547.95
Oct 10, 2017	2550.64	2549.99	2555.23	2544.86
Oct 09, 2017	2544.73	2551.39	2551.82	2541.6
Oct 06, 2017	2549.33	2547.44	2549.41	2543.79
Oct 05, 2017	2552.07	2540.86	2552.51	2540.02
Oct 04, 2017	2537.74	2533.48	2540.53	2531.8
Oct 03, 2017	2534.58	2530.34	2535.13	2528.85
Oct 02, 2017	2529.12	2521.2	2529.23	2520.4
Sep 29, 2017	2519.36	2509.96	2519.44	2507.99
Sep 28, 2017	2510.06	2503.41	2510.81	2502.93
Sep 27, 2017	2507.04	2503.3	2511.75	2495.91
Sep 26, 2017	2496.84	2501.04	2503.51	2495.12
Sep 25, 2017	2496.66	2499.39	2502.54	2488.03
Sep 22, 2017	2502.22	2497.26	2503.47	2496.54
Sep 21, 2017	2500.6	2507.16	2507.16	2499
Sep 20, 2017	2508.24	2506.84	2508.85	2496.67
Sep 19, 2017	2506.65	2506.29	2507.84	2503.19
Sep 18, 2017	2503.87	2502.51	2508.32	2499.92
Sep 15, 2017	2500.23	2495.67	2500.23	2493.16
Sep 14, 2017	2495.62	2494.56	2498.43	2491.35
Sep 13, 2017	2498.37	2493.89	2498.37	2492.14
Sep 12, 2017	2496.48	2491.94	2496.77	2490.37
Sep 11, 2017	2488.11	2474.52	2488.95	2474.52
Sep 08, 2017	2461.43	2462.25	2467.11	2459.4
Sep 07, 2017	2465.1	2468.06	2468.62	2460.29
Sep 06, 2017	2465.54	2463.83	2469.64	2459.2
Sep 05, 2017	2457.85	2470.35	2471.97	2446.55
Sep 01, 2017	2476.55	2474.42	2480.38	2473.85
Aug 31, 2017	2471.65	2462.65	2475.01	2462.65
Aug 30, 2017	2457.59	2446.06	2460.31	2443.77
Aug 29, 2017	2446.3	2431.94	2449.19	2428.2
Aug 28, 2017	2444.24	2447.35	2449.12	2439.03
Aug 25, 2017	2443.05	2444.72	2453.96	2442.22
Aug 24, 2017	2438.97	2447.91	2450.39	2436.19
Aug 23, 2017	2444.04	2444.88	2448.91	2441.42
Aug 22, 2017	2452.51	2433.75	2454.77	2433.67
Aug 21, 2017	2428.37	2425.5	2430.58	2417.35
Aug 18, 2017	2425.55	2427.64	2440.27	2420.69
Aug 17, 2017	2430.01	2462.95	2465.02	2430.01
Aug 16, 2017	2468.11	2468.63	2474.93	2463.86
Aug 15, 2017	2464.61	2468.66	2468.9	2461.61
Aug 14, 2017	2465.84	2454.96	2468.22	2454.96
Aug 11, 2017	2441.32	2441.04	2448.09	2437.85
Aug 10, 2017	2438.21	2465.38	2465.38	2437.75
Aug 09, 2017	2474.02	2465.35	2474.41	2462.08
Aug 08, 2017	2474.92	2478.35	2490.87	2470.32
Aug 07, 2017	2480.91	2477.14	2480.95	2475.88
Aug 04, 2017	2476.83	2476.88	2480	2472.08
Aug 03, 2017	2472.16	2476.03	2476.03	2468.85
Aug 02, 2017	2477.57	2480.38	2480.38	2466.48
Aug 01, 2017	2476.35	2477.1	2478.51	2471.14
Jul 31, 2017	2470.3	2475.94	2477.96	2468.53
Jul 28, 2017	2472.1	2469.12	2473.53	2464.66
Jul 27, 2017	2475.42	2482.76	2484.04	2459.93
Jul 26, 2017	2477.83	2479.97	2481.69	2474.94
Jul 25, 2017	2477.13	2477.88	2481.24	2474.91
Jul 24, 2017	2469.91	2472.04	2473.1	2466.32
Jul 21, 2017	2472.54	2467.4	2472.54	2465.06
Jul 20, 2017	2473.45	2475.56	2477.62	2468.43
Jul 19, 2017	2473.83	2463.85	2473.83	2463.85
Jul 18, 2017	2460.61	2455.88	2460.92	2450.34
Jul 17, 2017	2459.14	2459.5	2462.82	2457.16
Jul 14, 2017	2459.27	2449.16	2463.54	2446.69
Jul 13, 2017	2447.83	2444.99	2449.32	2441.69
Jul 12, 2017	2443.25	2435.75	2445.76	2435.75
Jul 11, 2017	2425.53	2427.35	2429.3	2412.79
Jul 10, 2017	2427.43	2424.51	2432	2422.27
Jul 07, 2017	2425.18	2413.52	2426.92	2413.52
Jul 06, 2017	2409.75	2423.44	2424.28	2407.7
Jul 05, 2017	2432.54	2430.78	2434.9	2422.05
Jul 03, 2017	2429.01	2431.39	2439.17	2428.69
Jun 30, 2017	2423.41	2429.2	2432.71	2421.65
Jun 29, 2017	2419.7	2442.38	2442.73	2405.7
Jun 28, 2017	2440.69	2428.7	2442.97	2428.02
Jun 27, 2017	2419.38	2436.34	2440.15	2419.38
Jun 26, 2017	2439.07	2443.32	2450.42	2437.03
Jun 23, 2017	2438.3	2434.65	2441.4	2431.11
Jun 22, 2017	2434.5	2437.4	2441.62	2433.27
Jun 21, 2017	2435.61	2439.31	2442.23	2430.74
Jun 20, 2017	2437.03	2450.66	2450.66	2436.6
Jun 19, 2017	2453.46	2442.55	2453.82	2441.79
Jun 16, 2017	2433.15	2431.24	2433.15	2422.88
Jun 15, 2017	2432.46	2424.14	2433.95	2418.53
Jun 14, 2017	2437.92	2443.75	2443.75	2428.34
Jun 13, 2017	2440.35	2434.15	2441.49	2431.28
Jun 12, 2017	2429.39	2425.88	2430.38	2419.97
Jun 09, 2017	2431.77	2436.39	2446.2	2415.7
Jun 08, 2017	2433.79	2434.27	2439.27	2427.94
Jun 07, 2017	2433.14	2432.03	2435.28	2424.75
Jun 06, 2017	2429.33	2431.92	2436.21	2428.12
Jun 05, 2017	2436.1	2437.83	2439.55	2434.32
Jun 02, 2017	2439.07	2431.28	2440.23	2427.71
Jun 01, 2017	2430.06	2415.65	2430.06	2413.54
May 31, 2017	2411.8	2415.63	2415.99	2403.59
May 30, 2017	2412.91	2411.67	2415.26	2409.43
May 26, 2017	2415.82	2414.5	2416.68	2412.2
May 25, 2017	2415.07	2409.54	2418.71	2408.01
May 24, 2017	2404.39	2401.41	2405.58	2397.99
May 23, 2017	2398.42	2397.04	2400.85	2393.88
May 22, 2017	2394.02	2387.21	2395.46	2386.92
May 19, 2017	2381.73	2371.37	2389.06	2370.43
May 18, 2017	2365.72	2354.69	2375.74	2352.72
May 17, 2017	2357.03	2382.95	2384.87	2356.21
May 16, 2017	2400.67	2404.55	2405.77	2396.05
May 15, 2017	2402.32	2393.98	2404.05	2393.94
May 12, 2017	2390.9	2392.44	2392.44	2387.19
May 11, 2017	2394.44	2394.84	2395.72	2381.74
May 10, 2017	2399.63	2396.79	2399.74	2392.79
May 09, 2017	2396.92	2401.58	2403.87	2392.44
May 08, 2017	2399.38	2399.94	2401.36	2393.92
May 05, 2017	2399.29	2392.37	2399.29	2389.38
May 04, 2017	2389.52	2389.79	2391.43	2380.35
May 03, 2017	2388.13	2386.5	2389.82	2379.75
May 02, 2017	2391.17	2391.05	2392.93	2385.82
May 01, 2017	2388.33	2388.5	2394.49	2384.83
Apr 28, 2017	2384.2	2393.68	2393.68	2382.36
Apr 27, 2017	2388.77	2389.7	2392.1	2382.68
Apr 26, 2017	2387.45	2388.98	2398.16	2386.76
Apr 25, 2017	2388.61	2381.51	2392.48	2381.15
Apr 24, 2017	2374.15	2370.33	2376.98	2369.19
Apr 21, 2017	2348.69	2354.74	2356.18	2344.51
Apr 20, 2017	2355.84	2342.69	2361.37	2340.91
Apr 19, 2017	2338.17	2346.79	2352.63	2335.05
Apr 18, 2017	2342.19	2342.53	2348.35	2334.54
Apr 17, 2017	2349.01	2332.62	2349.14	2332.51
Apr 13, 2017	2328.95	2341.98	2348.26	2328.95
Apr 12, 2017	2344.93	2352.15	2352.72	2341.18
Apr 11, 2017	2353.78	2353.92	2355.22	2337.25
Apr 10, 2017	2357.16	2357.16	2366.37	2351.5
Apr 07, 2017	2355.54	2356.59	2363.76	2350.74
Apr 06, 2017	2357.49	2353.79	2364.16	2348.9
Apr 05, 2017	2352.95	2366.59	2378.36	2350.52
Apr 04, 2017	2360.16	2354.76	2360.53	2350.72
Apr 03, 2017	2358.84	2362.34	2365.87	2344.73
Mar 31, 2017	2362.72	2364.82	2370.35	2362.6
Mar 30, 2017	2368.06	2361.31	2370.42	2358.58
Mar 29, 2017	2361.13	2356.54	2363.36	2352.94
Mar 28, 2017	2358.57	2339.79	2363.78	2337.63
Mar 27, 2017	2341.59	2329.11	2344.9	2322.25
Mar 24, 2017	2343.98	2350.42	2356.22	2335.74
Mar 23, 2017	2345.96	2345.97	2358.92	2342.13
Mar 22, 2017	2348.45	2343	2351.81	2336.45
Mar 21, 2017	2344.02	2379.32	2381.93	2341.9
Mar 20, 2017	2373.47	2378.24	2379.55	2369.66
Mar 17, 2017	2378.25	2383.71	2385.71	2377.64
Mar 16, 2017	2381.38	2387.71	2388.1	2377.18
Mar 15, 2017	2385.26	2370.34	2390.01	2368.94
Mar 14, 2017	2365.45	2368.55	2368.55	2358.18
Mar 13, 2017	2373.47	2371.56	2374.42	2368.52
Mar 10, 2017	2372.6	2372.52	2376.86	2363.04
Mar 09, 2017	2364.87	2363.49	2369.08	2354.54
Mar 08, 2017	2362.98	2369.81	2373.09	2361.01
Mar 07, 2017	2368.39	2370.74	2375.12	2365.51
Mar 06, 2017	2375.31	2375.23	2378.8	2367.98
Mar 03, 2017	2383.12	2380.92	2383.89	2375.39
Mar 02, 2017	2381.92	2394.75	2394.75	2380.17
Mar 01, 2017	2395.96	2380.13	2400.98	2380.13
Feb 28, 2017	2363.64	2366.08	2367.79	2358.96
Feb 27, 2017	2369.75	2365.23	2371.54	2361.87
Feb 24, 2017	2367.34	2355.73	2367.34	2352.87
Feb 23, 2017	2363.81	2367.5	2368.26	2355.09
Feb 22, 2017	2362.82	2361.11	2365.13	2358.34
Feb 21, 2017	2365.38	2354.91	2366.71	2354.91
Feb 17, 2017	2351.16	2343.01	2351.16	2339.58
Feb 16, 2017	2347.22	2349.64	2351.31	2338.87
Feb 15, 2017	2349.25	2335.58	2351.3	2334.81
Feb 14, 2017	2337.58	2326.12	2337.58	2322.17
Feb 13, 2017	2328.25	2321.72	2331.58	2321.42
Feb 10, 2017	2316.1	2312.27	2319.23	2311.1
Feb 09, 2017	2307.87	2296.7	2311.08	2296.61
Feb 08, 2017	2294.67	2289.55	2295.91	2285.38
Feb 07, 2017	2293.08	2295.87	2299.4	2290.16
Feb 06, 2017	2292.56	2294.28	2296.18	2288.57
Feb 03, 2017	2297.42	2288.54	2298.31	2287.88
Feb 02, 2017	2280.85	2276.69	2283.97	2271.65
Feb 01, 2017	2279.55	2285.59	2289.14	2272.44
Jan 31, 2017	2278.87	2274.02	2279.09	2267.21
Jan 30, 2017	2280.9	2286.01	2286.01	2268.04
Jan 27, 2017	2294.69	2299.02	2299.02	2291.62
Jan 26, 2017	2296.68	2298.63	2300.99	2294.08
Jan 25, 2017	2298.37	2288.88	2299.55	2288.88
Jan 24, 2017	2280.07	2267.88	2284.63	2266.68
Jan 23, 2017	2265.2	2267.78	2271.78	2257.02
Jan 20, 2017	2271.31	2269.96	2276.96	2265.01
Jan 19, 2017	2263.69	2271.9	2274.33	2258.41
Jan 18, 2017	2271.89	2269.14	2272.01	2263.35
Jan 17, 2017	2267.89	2269.14	2272.08	2262.81
Jan 13, 2017	2274.64	2272.74	2278.68	2271.51
Jan 12, 2017	2270.44	2271.14	2271.78	2254.25
Jan 11, 2017	2275.32	2268.6	2275.32	2260.83
Jan 10, 2017	2268.9	2269.72	2279.27	2265.27
Jan 09, 2017	2268.9	2273.59	2275.49	2268.9
Jan 06, 2017	2276.98	2271.14	2282.1	2264.06
Jan 05, 2017	2269	2268.18	2271.5	2260.45
Jan 04, 2017	2270.75	2261.6	2272.82	2261.6
Jan 03, 2017	2257.83	2251.57	2263.88	2245.13
Dec 30, 2016	2238.83	2251.61	2253.58	2233.62
Dec 29, 2016	2249.26	2249.5	2254.51	2244.56
Dec 28, 2016	2249.92	2270.23	2271.31	2249.11
Dec 27, 2016	2268.88	2266.23	2273.82	2266.15
Dec 23, 2016	2263.79	2260.25	2263.79	2258.84
Dec 22, 2016	2260.96	2262.93	2263.18	2256.08
Dec 21, 2016	2265.18	2270.54	2271.23	2265.15
Dec 20, 2016	2270.76	2266.5	2272.56	2266.14
Dec 19, 2016	2262.53	2259.24	2267.47	2258.21
Dec 16, 2016	2258.07	2266.81	2268.05	2254.24
Dec 15, 2016	2262.03	2253.77	2272.12	2253.77
Dec 14, 2016	2253.28	2268.35	2276.2	2248.44
Dec 13, 2016	2271.72	2263.32	2277.53	2263.32
Dec 12, 2016	2256.96	2258.83	2264.03	2252.37
Dec 09, 2016	2259.53	2249.73	2259.8	2249.23
Dec 08, 2016	2246.19	2241.13	2251.69	2237.57
Dec 07, 2016	2241.35	2210.72	2241.63	2208.93
Dec 06, 2016	2212.23	2207.26	2212.78	2202.21
Dec 05, 2016	2204.71	2200.65	2209.42	2199.97
Dec 02, 2016	2191.95	2191.12	2197.95	2188.37
Dec 01, 2016	2191.08	2200.17	2202.6	2187.44
Nov 30, 2016	2198.81	2204.97	2214.1	2198.81
Nov 29, 2016	2204.66	2200.76	2210.46	2198.15
Nov 28, 2016	2201.72	2210.21	2211.14	2200.36
Nov 25, 2016	2213.35	2206.27	2213.35	2206.27
Nov 23, 2016	2204.72	2198.55	2204.72	2194.51
Nov 22, 2016	2202.94	2201.56	2204.8	2194.51
Nov 21, 2016	2198.18	2186.43	2198.7	2186.43
Nov 18, 2016	2181.9	2186.85	2189.89	2180.38
Nov 17, 2016	2187.12	2178.61	2188.06	2176.65
Nov 16, 2016	2176.94	2177.53	2179.22	2172.2
Nov 15, 2016	2180.39	2168.29	2180.84	2166.38
Nov 14, 2016	2164.2	2165.64	2171.36	2156.08
Nov 11, 2016	2164.45	2162.71	2165.92	2152.49
Nov 10, 2016	2167.48	2167.49	2182.3	2151.17
Nov 09, 2016	2163.26	2131.56	2170.1	2125.35
Nov 08, 2016	2139.56	2129.92	2146.87	2123.56
Nov 07, 2016	2131.52	2100.59	2132	2100.59
Nov 04, 2016	2085.18	2083.79	2099.07	2083.79
Nov 03, 2016	2088.66	2098.8	2102.56	2085.23
Nov 02, 2016	2097.94	2109.43	2111.76	2094
Nov 01, 2016	2111.72	2128.68	2131.45	2097.85
Oct 31, 2016	2126.15	2129.78	2133.25	2125.53
Oct 28, 2016	2126.41	2132.23	2140.72	2119.36
Oct 27, 2016	2133.04	2144.06	2147.13	2132.52
Oct 26, 2016	2139.43	2136.97	2145.73	2131.59
Oct 25, 2016	2143.16	2149.72	2151.44	2141.93
Oct 24, 2016	2151.33	2148.5	2154.79	2146.91
Oct 21, 2016	2141.16	2139.43	2142.63	2130.09
Oct 20, 2016	2141.34	2142.51	2147.18	2133.44
Oct 19, 2016	2144.29	2140.81	2148.44	2138.15
Oct 18, 2016	2139.6	2138.31	2144.38	2135.49
Oct 17, 2016	2126.5	2132.95	2135.61	2124.43
Oct 14, 2016	2132.98	2139.68	2149.19	2132.98
Oct 13, 2016	2132.55	2130.26	2138.19	2114.72
Oct 12, 2016	2139.18	2137.67	2145.36	2132.77
Oct 11, 2016	2136.73	2161.35	2161.56	2128.84
Oct 10, 2016	2163.66	2160.39	2169.6	2160.39
Oct 07, 2016	2153.74	2164.19	2165.86	2144.85
Oct 06, 2016	2160.77	2158.22	2162.93	2150.28
Oct 05, 2016	2159.73	2155.15	2163.95	2155.15
Oct 04, 2016	2150.49	2163.37	2165.46	2144.01
Oct 03, 2016	2161.2	2164.33	2164.41	2154.77
Sep 30, 2016	2168.27	2156.51	2175.3	2156.51
Sep 29, 2016	2151.13	2168.9	2172.67	2145.2
Sep 28, 2016	2171.37	2161.85	2172.4	2151.79
Sep 27, 2016	2159.93	2146.04	2161.13	2141.55
Sep 26, 2016	2146.1	2158.54	2158.54	2145.04
Sep 23, 2016	2164.69	2173.29	2173.75	2163.97
Sep 22, 2016	2177.18	2170.94	2179.99	2170.94
Sep 21, 2016	2163.12	2144.58	2165.11	2139.57
Sep 20, 2016	2139.76	2145.94	2150.8	2139.17
Sep 19, 2016	2139.12	2143.99	2153.61	2135.91
Sep 16, 2016	2139.16	2146.48	2146.48	2131.2
Sep 15, 2016	2147.26	2125.36	2151.31	2122.36
Sep 14, 2016	2125.77	2127.86	2141.33	2119.9
Sep 13, 2016	2127.02	2150.47	2150.47	2120.27
Sep 12, 2016	2159.04	2120.86	2163.3	2119.12
Sep 09, 2016	2127.81	2169.08	2169.08	2127.81
Sep 08, 2016	2181.3	2182.76	2184.94	2177.49
Sep 07, 2016	2186.16	2185.17	2187.87	2179.07
Sep 06, 2016	2186.48	2181.61	2186.57	2175.1
Sep 02, 2016	2179.98	2177.49	2184.87	2173.59
Sep 01, 2016	2170.86	2171.33	2173.56	2157.09
Aug 31, 2016	2170.95	2173.56	2173.79	2161.35
Aug 30, 2016	2176.12	2179.45	2182.27	2170.41
Aug 29, 2016	2180.38	2170.19	2183.48	2170.19
Aug 26, 2016	2169.04	2175.1	2187.94	2160.39
Aug 25, 2016	2172.47	2173.29	2179	2169.74
Aug 24, 2016	2175.44	2185.09	2186.66	2171.25
Aug 23, 2016	2186.9	2187.81	2193.42	2186.8
Aug 22, 2016	2182.64	2181.58	2185.15	2175.96
Aug 19, 2016	2183.87	2184.24	2185	2175.13
Aug 18, 2016	2187.02	2181.9	2187.03	2180.46
Aug 17, 2016	2182.22	2177.84	2183.08	2168.5
Aug 16, 2016	2178.15	2186.24	2186.24	2178.14
Aug 15, 2016	2190.15	2186.08	2193.81	2186.08
Aug 12, 2016	2184.05	2183.74	2186.28	2179.42
Aug 11, 2016	2185.79	2177.97	2188.45	2177.97
Aug 10, 2016	2175.49	2182.81	2183.41	2172
Aug 09, 2016	2181.74	2182.24	2187.66	2178.61
Aug 08, 2016	2180.89	2183.76	2185.44	2177.85
Aug 05, 2016	2182.87	2168.79	2182.87	2168.79
Aug 04, 2016	2164.25	2163.51	2168.19	2159.07
Aug 03, 2016	2163.79	2156.81	2163.79	2152.56
Aug 02, 2016	2157.03	2169.94	2170.2	2147.58
Aug 01, 2016	2170.84	2173.15	2178.29	2166.21
Jul 29, 2016	2173.6	2168.83	2177.09	2163.49
Jul 28, 2016	2170.06	2166.05	2172.85	2159.74
Jul 27, 2016	2166.58	2169.81	2174.98	2159.07
Jul 26, 2016	2169.18	2168.97	2173.54	2160.18
Jul 25, 2016	2168.48	2173.71	2173.71	2161.95
Jul 22, 2016	2175.03	2166.47	2175.11	2163.24
Jul 21, 2016	2165.17	2172.91	2174.56	2159.75
Jul 20, 2016	2173.02	2166.1	2175.63	2164.89
Jul 19, 2016	2163.78	2163.79	2164.63	2159.01
Jul 18, 2016	2166.89	2162.04	2168.35	2159.63
Jul 15, 2016	2161.74	2165.13	2169.05	2155.79
Jul 14, 2016	2163.75	2157.88	2168.99	2157.88
Jul 13, 2016	2152.43	2153.81	2156.45	2146.21
Jul 12, 2016	2152.14	2139.5	2155.4	2139.5
Jul 11, 2016	2137.16	2131.72	2143.16	2131.72
Jul 08, 2016	2129.9	2106.97	2131.71	2106.97
Jul 07, 2016	2097.9	2100.42	2109.08	2089.39
Jul 06, 2016	2099.73	2084.43	2100.72	2074.02
Jul 05, 2016	2088.55	2095.05	2095.05	2080.86
Jul 01, 2016	2102.95	2099.34	2108.71	2097.9
Jun 30, 2016	2098.86	2073.17	2098.94	2070
Jun 29, 2016	2070.77	2042.69	2073.13	2042.69
Jun 28, 2016	2036.09	2006.67	2036.09	2006.67
Jun 27, 2016	2000.54	2031.45	2031.45	1991.68
Jun 24, 2016	2037.41	2103.81	2103.81	2032.57
Jun 23, 2016	2113.32	2092.8	2113.32	2092.8
Jun 22, 2016	2085.45	2089.75	2099.71	2084.36
Jun 21, 2016	2088.9	2085.19	2093.66	2083.02
Jun 20, 2016	2083.25	2075.58	2100.66	2075.58
Jun 17, 2016	2071.22	2078.2	2078.2	2062.84
Jun 16, 2016	2077.99	2066.36	2079.62	2050.37
Jun 15, 2016	2071.5	2077.6	2085.65	2069.8
Jun 14, 2016	2075.32	2076.65	2081.3	2064.1
Jun 13, 2016	2079.06	2091.75	2098.12	2078.46
Jun 10, 2016	2096.07	2109.57	2109.57	2089.96
Jun 09, 2016	2115.48	2115.65	2117.64	2107.73
Jun 08, 2016	2119.12	2112.71	2120.55	2112.71
Jun 07, 2016	2112.13	2110.18	2119.22	2110.18
Jun 06, 2016	2109.41	2100.83	2113.36	2100.83
Jun 03, 2016	2099.13	2104.07	2104.07	2085.36
Jun 02, 2016	2105.26	2097.71	2105.26	2088.59
Jun 01, 2016	2099.33	2093.94	2100.97	2085.1
May 31, 2016	2096.96	2100.13	2103.48	2088.66
May 27, 2016	2099.06	2090.06	2099.06	2090.06
May 26, 2016	2090.1	2091.44	2094.3	2087.08
May 25, 2016	2090.54	2078.93	2094.73	2078.93
May 24, 2016	2076.06	2052.65	2079.67	2052.65
May 23, 2016	2048.04	2052.23	2055.58	2047.26
May 20, 2016	2052.32	2041.88	2058.35	2041.88
May 19, 2016	2040.04	2044.21	2044.21	2025.91
May 18, 2016	2047.63	2044.38	2060.61	2034.49
May 17, 2016	2047.21	2065.04	2065.69	2040.82
May 16, 2016	2066.66	2046.53	2071.88	2046.53
May 13, 2016	2046.61	2062.5	2066.79	2043.13
May 12, 2016	2064.11	2067.17	2073.99	2053.13
May 11, 2016	2064.46	2083.29	2083.29	2064.46
May 10, 2016	2084.39	2062.63	2084.87	2062.63
May 09, 2016	2058.69	2057.55	2064.15	2054.31
May 06, 2016	2057.14	2047.77	2057.72	2039.45
May 05, 2016	2050.63	2052.95	2060.23	2045.77
May 04, 2016	2051.12	2060.3	2060.3	2045.55
May 03, 2016	2063.37	2077.18	2077.18	2054.89
May 02, 2016	2081.43	2067.17	2083.42	2066.11
Apr 29, 2016	2065.3	2071.82	2073.85	2052.28
Apr 28, 2016	2075.81	2090.93	2099.3	2071.62
Apr 27, 2016	2095.15	2092.33	2099.89	2082.31
Apr 26, 2016	2091.7	2089.84	2096.87	2085.8
Apr 25, 2016	2087.79	2089.37	2089.37	2077.52
Apr 22, 2016	2091.58	2091.49	2094.32	2081.2
Apr 21, 2016	2091.48	2102.09	2103.78	2088.52
Apr 20, 2016	2102.4	2101.52	2111.05	2096.32
Apr 19, 2016	2100.8	2096.05	2104.05	2091.68
Apr 18, 2016	2094.34	2078.83	2094.66	2073.65
Apr 15, 2016	2080.73	2083.1	2083.22	2076.31
Apr 14, 2016	2082.78	2082.89	2087.84	2078.13
Apr 13, 2016	2082.42	2065.92	2083.18	2065.92
Apr 12, 2016	2061.72	2043.72	2065.05	2039.74
Apr 11, 2016	2041.99	2050.23	2062.93	2041.88
Apr 08, 2016	2047.6	2045.54	2060.63	2041.69
Apr 07, 2016	2041.91	2063.01	2063.01	2033.8
Apr 06, 2016	2066.66	2045.56	2067.33	2043.09
Apr 05, 2016	2045.17	2062.5	2062.5	2042.56
Apr 04, 2016	2066.13	2073.19	2074.02	2062.57
Apr 01, 2016	2072.78	2056.62	2075.07	2043.98
Mar 31, 2016	2059.74	2063.77	2067.92	2057.46
Mar 30, 2016	2063.95	2058.27	2072.21	2058.27
Mar 29, 2016	2055.01	2035.75	2055.91	2028.31
Mar 28, 2016	2037.05	2037.89	2042.67	2031.96
Mar 24, 2016	2035.94	2032.48	2036.04	2022.49
Mar 23, 2016	2036.71	2048.55	2048.55	2034.86
Mar 22, 2016	2049.8	2048.64	2056.6	2040.57
Mar 21, 2016	2051.6	2047.88	2053.91	2043.14
Mar 18, 2016	2049.58	2041.16	2052.36	2041.16
Mar 17, 2016	2040.59	2026.9	2046.24	2022.16
Mar 16, 2016	2027.22	2014.24	2032.02	2010.04
Mar 15, 2016	2015.93	2015.27	2015.94	2005.23
Mar 14, 2016	2019.64	2019.27	2024.57	2012.05
Mar 11, 2016	2022.19	1994.71	2022.37	1994.71
Mar 10, 2016	1989.57	1990.97	2005.08	1969.25
Mar 09, 2016	1989.26	1981.44	1992.69	1979.84
Mar 08, 2016	1979.26	1996.88	1996.88	1977.43
Mar 07, 2016	2001.76	1996.11	2006.12	1989.38
Mar 04, 2016	1999.99	1994.01	2009.13	1986.77
Mar 03, 2016	1993.4	1985.6	1993.69	1977.37
Mar 02, 2016	1986.45	1976.6	1986.51	1968.8
Mar 01, 2016	1978.35	1937.09	1978.35	1937.09
Feb 29, 2016	1932.23	1947.13	1958.27	1931.81
Feb 26, 2016	1948.05	1954.95	1962.96	1945.78
Feb 25, 2016	1951.7	1931.87	1951.83	1925.41
Feb 24, 2016	1929.8	1917.56	1932.08	1891
Feb 23, 2016	1921.27	1942.38	1942.38	1919.44
Feb 22, 2016	1945.5	1924.44	1946.7	1924.44
Feb 19, 2016	1917.78	1916.74	1918.78	1902.17
Feb 18, 2016	1917.83	1927.57	1930	1915.09
Feb 17, 2016	1926.82	1898.8	1930.68	1898.8
Feb 16, 2016	1895.58	1871.44	1895.77	1871.44
Feb 12, 2016	1864.78	1833.4	1864.78	1833.4
Feb 11, 2016	1829.08	1847	1847	1810.1
Feb 10, 2016	1851.86	1857.1	1881.6	1850.32
Feb 09, 2016	1852.21	1848.46	1868.25	1834.94
Feb 08, 2016	1853.44	1873.25	1873.25	1828.46
Feb 05, 2016	1880.05	1913.07	1913.07	1872.65
Feb 04, 2016	1915.45	1911.67	1927.35	1900.52
Feb 03, 2016	1912.53	1907.07	1918.01	1872.23
Feb 02, 2016	1903.03	1935.26	1935.26	1897.29
Feb 01, 2016	1939.38	1936.94	1947.2	1920.3
Jan 29, 2016	1940.24	1894	1940.24	1894
Jan 28, 2016	1893.36	1885.22	1902.96	1873.65
Jan 27, 2016	1882.95	1902.52	1916.99	1872.7
Jan 26, 2016	1903.63	1878.79	1906.73	1878.79
Jan 25, 2016	1877.08	1906.28	1906.28	1875.97
Jan 22, 2016	1906.9	1877.4	1908.85	1877.4
Jan 21, 2016	1868.99	1861.46	1889.85	1848.98
Jan 20, 2016	1859.33	1876.18	1876.18	1812.29
Jan 19, 2016	1881.33	1888.66	1901.44	1864.6
Jan 15, 2016	1880.33	1916.68	1916.68	1857.83
Jan 14, 2016	1921.84	1891.68	1934.47	1878.93
Jan 13, 2016	1890.28	1940.34	1950.33	1886.41
Jan 12, 2016	1938.68	1927.83	1947.38	1914.35
Jan 11, 2016	1923.67	1926.12	1935.65	1901.1
Jan 08, 2016	1922.03	1945.97	1960.4	1918.46
Jan 07, 2016	1943.09	1985.32	1985.32	1938.83
Jan 06, 2016	1990.26	2011.71	2011.71	1979.05
Jan 05, 2016	2016.71	2013.78	2021.94	2004.17
Jan 04, 2016	2012.66	2038.2	2038.2	1989.68
Dec 31, 2015	2043.94	2060.59	2062.54	2043.62
Dec 30, 2015	2063.36	2077.34	2077.34	2061.97
Dec 29, 2015	2078.36	2060.54	2081.56	2060.54
Dec 28, 2015	2056.5	2057.77	2057.77	2044.2
Dec 24, 2015	2060.99	2063.52	2067.36	2058.73
Dec 23, 2015	2064.29	2042.2	2064.73	2042.2
Dec 22, 2015	2038.97	2023.15	2042.74	2020.49
Dec 21, 2015	2021.15	2010.27	2022.9	2005.93
Dec 18, 2015	2005.55	2040.81	2040.81	2005.33
Dec 17, 2015	2041.89	2073.76	2076.37	2041.66
Dec 16, 2015	2073.07	2046.5	2076.72	2042.43
Dec 15, 2015	2043.41	2025.55	2053.87	2025.55
Dec 14, 2015	2021.94	2013.37	2022.92	1993.26
Dec 11, 2015	2012.37	2047.27	2047.27	2008.8
Dec 10, 2015	2052.23	2047.93	2067.65	2045.67
Dec 09, 2015	2047.62	2061.17	2080.33	2036.53
Dec 08, 2015	2063.59	2073.39	2073.85	2052.32
Dec 07, 2015	2077.07	2090.42	2090.42	2066.78
Dec 04, 2015	2091.69	2051.24	2093.84	2051.24
Dec 03, 2015	2049.62	2080.71	2085	2042.35
Dec 02, 2015	2079.51	2101.71	2104.27	2077.11
Dec 01, 2015	2102.63	2082.93	2103.37	2082.93
Nov 30, 2015	2080.41	2090.95	2093.81	2080.41
Nov 27, 2015	2090.11	2088.82	2093.29	2084.13
Nov 25, 2015	2088.87	2089.3	2093	2086.3
Nov 24, 2015	2089.14	2084.42	2094.12	2070.29
Nov 23, 2015	2086.59	2089.41	2095.61	2081.39
Nov 20, 2015	2089.17	2082.82	2097.06	2082.82
Nov 19, 2015	2081.24	2083.7	2086.74	2078.76
Nov 18, 2015	2083.58	2051.99	2085.31	2051.99
Nov 17, 2015	2050.44	2053.67	2066.69	2045.9
Nov 16, 2015	2053.19	2022.08	2053.22	2019.39
Nov 13, 2015	2023.04	2044.64	2044.64	2022.02
Nov 12, 2015	2045.97	2072.29	2072.29	2045.66
Nov 11, 2015	2075	2083.41	2086.94	2074.85
Nov 10, 2015	2081.72	2077.19	2083.67	2069.91
Nov 09, 2015	2078.58	2096.56	2096.56	2068.24
Nov 06, 2015	2099.2	2098.6	2101.91	2083.74
Nov 05, 2015	2099.93	2101.68	2108.78	2090.41
Nov 04, 2015	2102.31	2110.6	2114.59	2096.98
Nov 03, 2015	2109.79	2102.63	2116.48	2097.51
Nov 02, 2015	2104.05	2080.76	2106.2	2080.76
Oct 30, 2015	2079.36	2090	2094.32	2079.34
Oct 29, 2015	2089.41	2088.35	2092.52	2082.63
Oct 28, 2015	2090.35	2066.48	2090.35	2063.11
Oct 27, 2015	2065.89	2068.75	2070.37	2058.84
Oct 26, 2015	2071.18	2075.08	2075.14	2066.53
Oct 23, 2015	2075.15	2058.19	2079.74	2058.19
Oct 22, 2015	2052.51	2021.88	2055.2	2021.88
Oct 21, 2015	2018.94	2033.47	2037.97	2017.22
Oct 20, 2015	2030.77	2033.13	2039.12	2026.61
Oct 19, 2015	2033.66	2031.73	2034.45	2022.31
Oct 16, 2015	2033.11	2024.37	2033.54	2020.46
Oct 15, 2015	2023.86	1996.47	2024.15	1996.47
Oct 14, 2015	1994.24	2003.66	2009.56	1990.73
Oct 13, 2015	2003.69	2015	2022.34	2001.78
Oct 12, 2015	2017.46	2015.65	2018.66	2010.55
Oct 09, 2015	2014.89	2013.73	2020.13	2007.61
Oct 08, 2015	2013.43	1994.01	2016.5	1987.53
Oct 07, 2015	1995.83	1982.34	1999.31	1976.44
Oct 06, 2015	1979.92	1986.63	1991.62	1971.99
Oct 05, 2015	1987.05	1954.33	1989.17	1954.33
Oct 02, 2015	1951.36	1921.77	1951.36	1893.7
Oct 01, 2015	1923.82	1919.65	1927.21	1900.7
Sep 30, 2015	1920.03	1887.14	1920.53	1887.14
Sep 29, 2015	1884.09	1881.9	1899.48	1871.91
Sep 28, 2015	1881.77	1929.18	1929.18	1879.21
Sep 25, 2015	1931.34	1935.93	1952.89	1921.5
Sep 24, 2015	1932.24	1934.81	1937.17	1908.92
Sep 23, 2015	1938.76	1943.24	1949.52	1932.57
Sep 22, 2015	1942.74	1961.39	1961.39	1929.22
Sep 21, 2015	1966.97	1960.84	1979.64	1955.8
Sep 18, 2015	1958.03	1989.66	1989.66	1953.45
Sep 17, 2015	1990.2	1995.33	2020.86	1986.73
Sep 16, 2015	1995.31	1978.02	1997.26	1977.93
Sep 15, 2015	1978.09	1955.1	1983.19	1954.3
Sep 14, 2015	1953.03	1963.06	1963.06	1948.27
Sep 11, 2015	1961.05	1951.45	1961.05	1939.19
Sep 10, 2015	1952.29	1941.59	1965.29	1937.19
Sep 09, 2015	1942.04	1971.45	1988.63	1937.88
Sep 08, 2015	1969.41	1927.3	1970.42	1927.3
Sep 04, 2015	1921.22	1947.76	1947.76	1911.21
Sep 03, 2015	1951.13	1950.79	1975.01	1944.72
Sep 02, 2015	1948.86	1916.52	1948.91	1916.52
Sep 01, 2015	1913.85	1970.09	1970.09	1903.07
Aug 31, 2015	1972.18	1986.73	1986.73	1965.98
Aug 28, 2015	1988.87	1986.06	1993.48	1975.19
Aug 27, 2015	1987.66	1942.77	1989.6	1942.77
Aug 26, 2015	1940.51	1872.75	1943.09	1872.75
Aug 25, 2015	1867.61	1898.08	1948.04	1867.08
Aug 24, 2015	1893.21	1965.15	1965.15	1867.01
Aug 21, 2015	1970.89	2034.08	2034.08	1970.89
Aug 20, 2015	2035.73	2076.61	2076.61	2035.73
Aug 19, 2015	2079.61	2095.69	2096.17	2070.53
Aug 18, 2015	2096.92	2101.99	2103.47	2094.14
Aug 17, 2015	2102.44	2089.7	2102.87	2079.3
Aug 14, 2015	2091.54	2083.15	2092.45	2080.61
Aug 13, 2015	2083.39	2086.19	2092.93	2078.26
Aug 12, 2015	2086.05	2081.1	2089.06	2052.09
Aug 11, 2015	2084.07	2102.66	2102.66	2076.49
Aug 10, 2015	2104.18	2080.98	2105.35	2080.98
Aug 07, 2015	2077.57	2082.61	2082.61	2067.91
Aug 06, 2015	2083.56	2100.75	2103.32	2075.53
Aug 05, 2015	2099.84	2095.27	2112.66	2095.27
Aug 04, 2015	2093.32	2097.68	2102.51	2088.6
Aug 03, 2015	2098.04	2104.49	2105.7	2087.31
Jul 31, 2015	2103.84	2111.6	2114.24	2102.07
Jul 30, 2015	2108.63	2106.78	2110.48	2094.97
Jul 29, 2015	2108.57	2094.7	2110.6	2094.08
Jul 28, 2015	2093.25	2070.75	2095.6	2069.09
Jul 27, 2015	2067.64	2078.19	2078.19	2063.52
Jul 24, 2015	2079.65	2102.24	2106.01	2077.09
Jul 23, 2015	2102.15	2114.16	2116.87	2098.63
Jul 22, 2015	2114.15	2118.21	2118.51	2110
Jul 21, 2015	2119.21	2127.55	2128.49	2115.4
Jul 20, 2015	2128.28	2126.85	2132.82	2123.65
Jul 17, 2015	2126.64	2126.8	2128.91	2119.88
Jul 16, 2015	2124.29	2110.55	2124.42	2110.55
Jul 15, 2015	2107.4	2109.01	2114.14	2102.49
Jul 14, 2015	2108.95	2099.72	2111.98	2098.18
Jul 13, 2015	2099.6	2080.03	2100.67	2080.03
Jul 10, 2015	2076.62	2052.74	2081.31	2052.74
Jul 09, 2015	2051.31	2049.73	2074.28	2049.73
Jul 08, 2015	2046.68	2077.66	2077.66	2044.66
Jul 07, 2015	2081.34	2069.52	2083.74	2044.02
Jul 06, 2015	2068.76	2073.95	2078.61	2058.4
Jul 02, 2015	2076.78	2078.03	2085.06	2071.02
Jul 01, 2015	2077.42	2067	2082.78	2067
Jun 30, 2015	2063.11	2061.19	2074.28	2056.32
Jun 29, 2015	2057.64	2098.63	2098.63	2056.64
Jun 26, 2015	2101.49	2102.62	2108.92	2095.38
Jun 25, 2015	2102.31	2109.96	2116.04	2101.78
Jun 24, 2015	2108.58	2123.65	2125.1	2108.58
Jun 23, 2015	2124.2	2123.16	2128.03	2119.89
Jun 22, 2015	2122.85	2112.5	2129.87	2112.5
Jun 19, 2015	2109.99	2121.06	2121.64	2109.45
Jun 18, 2015	2121.24	2101.58	2126.65	2101.58
Jun 17, 2015	2100.44	2097.4	2106.79	2088.86
Jun 16, 2015	2096.29	2084.26	2097.4	2082.1
Jun 15, 2015	2084.43	2091.34	2091.34	2072.49
Jun 12, 2015	2094.11	2107.43	2107.43	2091.33
Jun 11, 2015	2108.86	2106.24	2115.02	2106.24
Jun 10, 2015	2105.2	2081.12	2108.5	2081.12
Jun 09, 2015	2080.15	2079.07	2085.62	2072.14
Jun 08, 2015	2079.28	2092.34	2093.01	2079.11
Jun 05, 2015	2092.83	2095.09	2100.99	2085.67
Jun 04, 2015	2095.84	2112.35	2112.89	2093.23
Jun 03, 2015	2114.07	2110.64	2121.92	2109.61
Jun 02, 2015	2109.6	2110.41	2117.59	2099.14
Jun 01, 2015	2111.73	2108.64	2119.15	2102.54
May 29, 2015	2107.39	2120.66	2120.66	2104.89
May 28, 2015	2120.79	2122.27	2122.27	2112.86
May 27, 2015	2123.48	2105.13	2126.22	2105.13
May 26, 2015	2104.2	2125.34	2125.34	2099.18
May 22, 2015	2126.06	2130.36	2132.15	2126.06
May 21, 2015	2130.82	2125.55	2134.28	2122.95
May 20, 2015	2125.85	2127.79	2134.72	2122.59
May 19, 2015	2127.83	2129.45	2133.02	2124.5
May 18, 2015	2129.2	2121.3	2131.78	2120.01
May 15, 2015	2122.73	2122.07	2123.89	2116.79
May 14, 2015	2121.1	2100.43	2121.45	2100.43
May 13, 2015	2098.48	2099.62	2110.19	2096.04
May 12, 2015	2099.12	2102.87	2105.06	2085.57
May 11, 2015	2105.33	2115.56	2117.69	2104.58
May 08, 2015	2116.1	2092.13	2117.66	2092.13
May 07, 2015	2088	2079.96	2092.9	2074.99
May 06, 2015	2080.15	2091.26	2098.42	2067.93
May 05, 2015	2089.46	2112.63	2115.24	2088.46
May 04, 2015	2114.49	2110.23	2120.95	2110.23
May 01, 2015	2108.29	2087.38	2108.41	2087.38
Apr 30, 2015	2085.51	2105.52	2105.52	2077.59
Apr 29, 2015	2106.85	2112.49	2113.65	2097.41
Apr 28, 2015	2114.76	2108.35	2116.09	2094.89
Apr 27, 2015	2108.92	2119.29	2125.92	2107.04
Apr 24, 2015	2117.69	2112.8	2120.92	2112.8
Apr 23, 2015	2112.93	2107.21	2120.49	2103.19
Apr 22, 2015	2107.96	2098.27	2109.98	2091.05
Apr 21, 2015	2097.29	2102.82	2109.64	2094.38
Apr 20, 2015	2100.4	2084.11	2103.94	2084.11
Apr 17, 2015	2081.18	2102.58	2102.58	2072.37
Apr 16, 2015	2104.99	2105.96	2111.3	2100.02
Apr 15, 2015	2106.63	2097.82	2111.91	2097.82
Apr 14, 2015	2095.84	2092.28	2098.62	2083.24
Apr 13, 2015	2092.43	2102.03	2107.65	2092.33
Apr 10, 2015	2102.06	2091.51	2102.61	2091.51
Apr 09, 2015	2091.18	2081.29	2093.31	2074.29
Apr 08, 2015	2081.9	2076.94	2086.69	2073.3
Apr 07, 2015	2076.33	2080.79	2089.81	2076.1
Apr 06, 2015	2080.62	2064.87	2086.99	2056.52
Apr 02, 2015	2066.96	2060.03	2072.17	2057.32
Apr 01, 2015	2059.69	2067.63	2067.63	2048.38
Mar 31, 2015	2067.89	2084.05	2084.05	2067.04
Mar 30, 2015	2086.24	2064.11	2088.97	2064.11
Mar 27, 2015	2061.02	2055.78	2062.83	2052.96
Mar 26, 2015	2056.15	2059.94	2067.15	2045.5
Mar 25, 2015	2061.05	2093.1	2097.43	2061.05
Mar 24, 2015	2091.5	2103.94	2107.63	2091.5
Mar 23, 2015	2104.42	2107.99	2114.86	2104.42
Mar 20, 2015	2108.1	2090.32	2113.92	2090.32
Mar 19, 2015	2089.27	2098.69	2098.69	2085.56
Mar 18, 2015	2099.5	2072.84	2106.85	2061.23
Mar 17, 2015	2074.28	2080.59	2080.59	2065.08
Mar 16, 2015	2081.19	2055.35	2081.41	2055.35
Mar 13, 2015	2053.4	2064.56	2064.56	2041.17
Mar 12, 2015	2065.95	2041.1	2066.41	2041.1
Mar 11, 2015	2040.24	2044.69	2050.08	2039.69
Mar 10, 2015	2044.16	2076.14	2076.14	2044.16
Mar 09, 2015	2079.43	2072.25	2083.49	2072.21
Mar 06, 2015	2071.26	2100.91	2100.91	2067.27
Mar 05, 2015	2101.04	2098.54	2104.25	2095.22
Mar 04, 2015	2098.53	2107.72	2107.72	2087.62
Mar 03, 2015	2107.78	2115.76	2115.76	2098.26
Mar 02, 2015	2117.39	2105.23	2117.52	2104.5
Feb 27, 2015	2104.5	2110.88	2112.74	2103.75
Feb 26, 2015	2110.74	2113.91	2113.91	2103.76
Feb 25, 2015	2113.86	2115.3	2119.59	2109.89
Feb 24, 2015	2115.48	2109.1	2117.94	2105.87
Feb 23, 2015	2109.66	2109.83	2110.05	2103
Feb 20, 2015	2110.3	2097.65	2110.61	2085.44
Feb 19, 2015	2097.45	2099.25	2102.13	2090.79
Feb 18, 2015	2099.68	2099.16	2100.23	2092.15
Feb 17, 2015	2100.34	2096.47	2101.3	2089.8
Feb 13, 2015	2096.99	2088.78	2097.03	2086.7
Feb 12, 2015	2088.48	2069.98	2088.53	2069.98
Feb 11, 2015	2068.53	2068.55	2073.48	2057.99
Feb 10, 2015	2068.59	2049.38	2070.86	2048.62
Feb 09, 2015	2046.74	2053.47	2056.16	2041.88
Feb 06, 2015	2055.47	2062.28	2072.4	2049.97
Feb 05, 2015	2062.52	2043.45	2063.55	2043.45
Feb 04, 2015	2041.51	2048.86	2054.74	2036.72
Feb 03, 2015	2050.03	2022.71	2050.3	2022.71
Feb 02, 2015	2020.85	1996.67	2021.66	1980.9
Jan 30, 2015	1994.99	2019.35	2023.32	1993.38
Jan 29, 2015	2021.25	2002.45	2024.64	1989.18
Jan 28, 2015	2002.16	2032.34	2042.49	2001.49
Jan 27, 2015	2029.55	2047.86	2047.86	2019.91
Jan 26, 2015	2057.09	2050.42	2057.62	2040.97
Jan 23, 2015	2051.82	2062.98	2062.98	2050.54
Jan 22, 2015	2063.15	2034.3	2064.62	2026.38
Jan 21, 2015	2032.12	2020.19	2038.29	2012.04
