261	
1246	
138	
143	
3330	
2366	
379	
318	
378	
209	
673	
485	
1332	
519	
331	
117	
1236	
380	
689	
2678	
979	
509	
1231	
21	
3315	
896	
482	
6898	
433	
893	
1878	
1145	
1383	
2379	
1050	
1315	
1141	
1125	
1090	
1368	
2916	
1623	
2193	
943	
340	
263	
901	
127	
187	
720	
465	
1115	
716	
1639	
122	
1778	
2608	
3337	
147	
1808	
292	
136	
2342	
234	
699	
2339	
1096	
2188	
442	
2020	
81	
1447	
191	
413	
2223	
291	
1253	
1298	
1963	
1148	
2662	
33	
600	
521	
377	
982	
2623	
1371	
1155	
812	
495	
585	
343	
1993	
2112	
335	
6123	
648	
549	
400	
2698	
1378	
231	
862	
524	
1480	
2039	
1087	
630	
294	
159	
139	
686	
800	
528	
822	
389	
522	
445	
364	
120	
556	
370	
1004	
1431	
1314	
1169	
1036	
1777	
428	
6839	
1100	
776	
1198	
1164	
1150	
854	
471	
1355	
1202	
496	
46	
213	
1786	
867	
226	
571	
1139	
3300	
2340	
1029	
1122	
1338	
1302	
639	
1266	
829	
658	
1268	
169	
777	
679	
61	
2303	
1259	
1229	
1175	
1130	
1305	
1188	
1089	
1051	
6893	
1566	
895	
750	
678	
877	
746	
487	
619	
2369	
1515	
180	
907	
2899	
488	
124	
69	
132	
126	
1418	
1313	
297	
322	
1177	
326	
43	
1033	
751	
3813	
1999	
3999	
2277	
1008	
918	
904	
459	
201	
91	
1369	
177	
731	
536	
18	
2199	
3318	
2229	
1495	
604	
2866	
1798	
1249	
1210	
1083	
230	
6138	
382	
10	
599	
206	
165	
803	
859	
618	
540	
365	
1011	
938	
914	xx
75	
1176	
1136	
173	
196	
330	
989	
650	
525	
1168	
142	
1689	
2371	
1681	
1499	
1189	
1045	
593	
119	
2368	
2018	
385	
1068	
6828	
3322	
1718	
438	
1300	
1070	
1991	
936	
799	
351	
2638	
1373	
2324	
1191	
697	
416	
239	
24	
131	
696	
345	
707	
395	
3899	
310	
3822	
1448	
2098	
2868	
207	
1195	
925	
1492	
347	
84	
15	
410	
3898	
1400	
1237	
449	
288	
259	
1812	
888	
724	
468	
1196	
702	
1101	
960	
2789	
1367	
951	
669	
601	
548	
1222	
682	
626	
2327	
2012	
1500	
1247	
646	
1200	
1143	
1520	
1037	
805	
248	
1124	
572	
258	
20	
826	
745	
333	
1030	
6116	
806	
6830	
3998	
2331	
1322	
970	
1919	
999	
1833	
240	
3983	
3836	
997	
794	
305	
64	
35	xx
3639	
2727	
480	
296	
1043	
272	
3636	
3777	
1699	
1527	
1137	
1021	
362	
268	
3918	
1889	
1207	
959	
945	
645	
2700	
1057	
551	
358	
3838	
2006	
1333	
641	
1618	
1303	
2186	
1059	
338	
128	
4	
3333	
153	
1227	
852	
539	
508	
391	
145	
200	
2618	
1918	
2382	
1462	
1363	
432	
276	
1316	
2878	
569	
266	
3708	
1929	
444	
367	
3360	
2323	xx
181	
1349	
369	
2222	
1235	
975	
222	
677	
6818	
2689	
2008	
2000	
1066	
996	
3818	
2313	
1086	
1006	
2383	
1230	
657	
1361	
2002	
903	
848	
293	
729	
17	
12	
2099	
1165	
1386	
1088	
315	
6869	
2080	
980	
337	
313	
1868	
1661	
1468	
2348	
2728	
342	
2722	
1301	
1108	
137	
16	
2213	
736	
503	
66	
354	
6128	
1717	
1347	
1336	
1035	xx
638	
1622	
1360	
891	
1882	
71	
3313	
29	
1880	
386	
162	
1385	
271	
2388	
2282	
991	
513	
889	
623	
609	
494	
719	
580	
116	
2888	
1113	
256	
108	
227	
2688	
123	
11	
1299	
710	
694	
219	
2380	
6183	
3608	
2211	
1270	
1129	
813	
1348	
787	
109	
563	
2	
1893	
1910	
941	
100	
871	
3623	
832	
1708	
1669	
2329	
1666	
216	xx
6198	
3618	
3393	
1899	
1238	
323	
1131	
995	
3366	
2393	
2009	
1888	
1389	
2343	
1966	
1085	
884	
861	
102	
1700	
152	
1522	
1076	
500	
3688	
270	
3968	
3823	
1538	
1432	
869	
6886	
2341	
576	
3308	
1107	
754	
6823	
3800	
1190	
189	
2005	
1476	
1065	
1213	
850	
752	
88	
6889	
1818	
1375	
912	
285	
2601	
1260	
133	
934	
1972	
477	xx
1061	
560	
353	
80	
3948	
497	
185	
2600	
1224	
1052	
316	
336	
3	
1093	
179	
32	
1	
606	
458	
215	
2338	
2128	
45	
3328	
2607	
1359	
107	
1816	
1636	
1345	
1281	
85	
83	
6863	
2666	
2212	
1862	
220	
80737	
2300	
2120	
1898	
700	
2118	
308	
2386	
974	
853	
3698	
3311	
2289	
1288	
2880	
1171	
973	
44	
3799	
1828	
1339	
586	xx
34	
6896	
6139	
2318	
983	
837	
28	
3606	
1330	
1289	
882	
881	
8	
6826	
1819	
2355	
878	
489	
148	
753	
3331	
440	
2328	
53	
3888	
963	
635	
1776	
84602	
6866	
6838	
6836	
6388	
6188	
6166	
6161	
6133	
6118	
4606	
4605	
4604	
4603	
4601	
4338	
4337	
4336	
4335	
4333	
4332	
3993	
3989	
3988	
3903	
3886	
3868	
3839	
3833	
3816	
3778	
3737	
3709	
3382	
3378	
3369	
3363	
3355	
3344	
3335	
2926	
2923	
2898	
2889	
2788	
2777	
2699	
2668	
2468	
2389	
2378	
2362	
2358	
2349	
2345	
2336	
2320	
2317	
2312	
2309	
2308	
2307	
2288	
2286	
2280	
2268	
2238	
2236	
2202	
2200	
2183	
2178	
2123	
2121	
2083	
2078	
2033	
2028	
2010	
2007	
1998	
1986	
1938	
1863	
1858	
1830	
1823	
1811	
1803	
1768	
1733	
1698	
1682	
1673	
1668	
1663	
1638	
1619	
1600	
1561	
1555	
1533	
1508	
1488	
1486	
1446	
1439	
1438	
1399	
1398	
1397	
1395	
1387	
1380	
1372	
1370	
1366	
1353	
1329	
1327	
1326	
1319	
1318	
1312	
1292	
1290	
1285	
1277	
1262	
1258	
1255	
1252	
1241	
1240	
1232	
1228	
1219	
1218	
1215	
1205	
1197	
1192	
1187	
1184	
1174	
1163	
1160	
1151	
1149	
1146	
1140	
1127	
1126	
1120	
1118	
1116	
1106	
1098	
1097	
1073	
1062	
1060	
1058	
1053	
1047	
1026	
1019	
1018	
1017	
1016	
1015	
1013	
1010	
1007	
1001	
987	
985	
984	
981	
978	
976	
967	
956	
948	
940	
935	
931	
930	
929	
927	
926	
923	
922	
919	
911	
909	
906	
886	
885	
876	
874	
873	
865	
863	
858	
856	
851	
847	
846	
845	
844	
842	
841	
840	
838	
834	
831	
828	
827	
818	
815	
814	
802	
801	
798	
773	
770	
769	
768	
767	
766	
761	
755	
735	
732	
730	
725	
722	
721	
718	
717	
715	
713	
703	
695	
693	
691	
688	
676	
672	
668	
662	
655	
647	
643	
642	
637	
632	
631	
628	
617	
616	
612	
611	
608	
607	
605	
603	
591	
588	
587	
583	
581	
574	
573	
568	
567	
566	
564	
559	
558	
555	
554	
542	
532	
531	
527	
515	
511	
510	
506	
498	
491	
486	
483	
479	
474	
469	
464	
462	
460	
456	
450	
430	
420	
411	
406	
404	
403	
402	
401	
398	
396	
387	
384	
383	
373	
372	
368	
356	
355	
350	
341	
334	
332	
328	
321	
319	
312	
311	
309	
307	
303	
298	
287	
286	
283	
281	
278	
277	
275	
274	
269	
265	
255	
253	
252	
247	
246	
244	
238	
236	
233	
232	
229	
224	
223	
217	
214	
211	
199	
198	
193	
190	
188	
186	
184	
182	
178	
174	
172	
171	
170	
167	
163	
158	
157	
156	
155	
151	
146	
130	
125	
121	
118	
115	
114	
110	
106	
105	
104	
103	
99	
98	
92	
86	
70	
67	
60	
59	
58	
57	
56	
55	
52	
51	
47	
42	
37	
36	
31	
25	
23	
19	
5	
762	xx
101	
1988	
883	
68	
2298	
14	
6808	
54	
939	
880	
1071	
665	
41	
3866	
237	
50	
27	
1109	
868	
3383	
1072	
3323	
737	
709	
1133	
1005	
2399	
2168	
553	
168	
1310	
1048	
687	
2799	
1381	
620	
96	
917	
552	
242	
1813	
1233	
1038	
6899	
6288	
1138	
992	
590	
160	
610	
87	
2886	
1848	
243	
1771	
1626	
1172	
708	
408	xx
2011	
1221	
6	
1968	
902	
875	
663	
733	
582	
62	
833	
666	
388	
218	
1308	
887	
425	
6136	
1382	
194	
6881	
728	
241	
1530	
990	
2883	
1321	
267	
1009	
544	
327	
1358	
557	
1111	
2233	
3996	
3808	
1170	
1208	
1685	
756	
727	
1883	
1193	
1157	
1041	
2686	
2299	
1220	
1044	
78	
1766	
1046	
789	
596	
357	
129	
3969	
2882	
1112	
306	
3788	
493	
2198	
3699	
1886	
857	
817	
2357	
1063	
570	
38	
9	
1079	
112	
2877	
210	
2669	
1135	
300	
3900	
913	
908	
825	
399	
95	
1025	
299	
1913	
1269	
933	
417	
3683	
1822	
546	
392	
320	
1297	
816	
538	
235	
1105	
1031	
763	
135	
6888	
683	
2014	
533	
6030	
1513	
1203	
577	
439	
1980	
1866	
352	
1800	
1680	
1628	
998	
3336	
282	
6837	
3368	
1421	
1128	
63	
864	
144	
1091	
65	
2218	
1280	
1483	
1201	
855	
757	
653	
212	
2208	
1049	
743	
451	
1616	
1206	
1114	
675	
622	
575	
2023	
1528	
950	
579	
221	
2196	
953	
329	
1461	
771	
6882	
921	
512	
1788	
900	
1104	
738	
317	
3396	
289	
1152	
1028	
1002	
550	
73	
1341	
988	
633	
2356	
423	
154	
1388	
1362	
1075	
565	
418	
1428	
30	
1123	
3668	
3398	
1836	
2302	
860	
2330	
2068	
390	
1478	
958	
836	
1223	
916	
764	
484	
2628	
1173	
3399	
2038	
1900	
712	
2326	
2314	
1466	
775	
1199	
175	
1217	
1185	
898	
89	
530	
1263	
1251	
698	
660	
7	
986	
1443	
1020	
1117	
1470	
659	
280	
952	
363	
77	
1211	
1186	
705	
613	
397	
295	
1365	
894	
97	
3908	
690	
76	
2322	
1182	
1080	
3939	
3380	
830	
3303	
2398	
1102	
598	
3666	
1239	
1166	
1132	
1293	
1278	
701	
592	
93	
39	
2333	
1099	
993	
839	
835	
290	
1450	
706	
670	
431	
1282	
2226	
166	
1055	
2283	
656	
1180	
161	
3883	
94	
48	
529	
3889	
1430	
1110	
1979	
1396	
966	
434	
1588	
2925	
2100	
1000	
680	
376	
371	
2111	
809	
111	
1509	
947	
1039	
361	
260	
375	
681	
183	
82	
661	
1728	
547	
543	
359	
279	
968	
1317	
1970	
1498	
723	
517	
897	
810	
6868	
3669	
6230	
26	
381	
1069	
366	
79	
40	
1928	
3628	
1161	
1271	
412	
1234	
6880	
3933	
3882	
1829	
932	
1613	
1121	
228	
2030	
2319	
1159	
3828	
526	
518	
692	
2488	
250	
1265	
360	
208	
499	
1556	
1178	
602	
245	
621	
264	
2088	
3377	
1296	
3600	
3386	
1678	
765	
711	
520	
251	
2255	
636	
595	
6108	
747	
2066	
915	
1181	
6865	
905	
475	
1738	
3332	
2228	
1335	
1103	
176	
2086	
910	
899	
819	
1022	
225	
1838	
204	
2221	
1532	
1393	
141	
811	
627	
505	
90	
113	
1082	
674	
422	
928	
346	
6878	
426	
1212	
1003	
1456	
164	
3663	
758	
374	
651	
1884	
704	
1340	
393	
273	
197	
1958	
1599	
1856	
3389	
589	
3966	
726	
455	
419	
684	
1064	
872	
6822	
1250	
476	
1023	
640	
821	
1683	
1908	
1273	
1142	
205	
1328	
339	
2310	
3339	
1245	
72	
969	
348	
195	
254	
3633	
954	
535	
22	
1094	
629	
1225	
2924	
257	
1194	
202	
1415	
1027	
1323	
760	
6168	
262	
467	
6210	
2920	
759	
685	
866	
472	
578	
2133	
2927	
1831	
1662	
1452	
