760
2324
1094
339
21
114
1462
485
1556
401
1312
117
1613
852
508
2925
578
1626
519
1217
455
565
250
1488
262
2488
708
3688
2898
122
2700
1669
1282
1285
618
660
1305
891
935
702
241
2349
1061
1252
521
2777
1172
1023
58
419
1049
6108
2208
980
1120
3332
63
1362
1059
6878
1321
1245
92
65
968
738
3813
146
2920
721
716
6828
136
476
692
3331
1395
162
294
1180
73
756
2877
1177
902
1431
711
2366
1738
1452
1400
2314
378
3966
1811
6118
1071
713
531
2202
1155
696
607
3389
280
1107
893
2924
2393
1303
1317
1470
1397
1009
356
6896
765
647
2342
1450
228
2326
1129
348
2333
2313
1232
1194
1717
1699
610
269
178
1173
499
875
680
3669
1184
813
904
703
518
108
762
1315
2880
616
193
2319
472
548
272
1668
254
3900
1268
1159
251
1369
1141
1109
2212
1639
102
1970
1527
934
2277
688
1114
751
3628
500
2686
1958
530
420
6886
883
648
1999
869
129
6893
306
1386
1365
986
1508
1011
1202
1037
1001
985
991
81
2226
743
1199
622
1476
1513
2368
917
604
370
1980
1220
836
2098
1308
1468
239
1201
1378
1033
613
489
1838
1000
1045
661
768
682
438
1300
947
1919
923
120
1588
6183
999
403
121
197
169
39
24
115
732
207
3969
2318
2238
235
2328
1882
496
271
735
343
15
3799
488
2007
684
6168
2178
724
310
80
553
3393
1250
888
601
592
93
2601
1532
1247
185
588
995
2340
1022
913
2386
911
633
707
1020
2389
745
666
3939
1371
509
1086
6138
997
240
321
712
159
7
6881
6868
1057
358
564
188
6826
1207
1176
208
70
3918
163
1689
1224
681
857
264
2666
1893
308
6
179
3633
1068
803
327
6869
1104
727
381
1122
1110
1062
216
3883
2088
1115
148
2698
936
180
119
2868
1389
1205
811
754
520
2120
38
1148
700
3311
2183
1348
884
817
285
181
845
412
1777
1152
876
366
195
6899
3355
579
237
100
1555
444
433
575
386
149
54
1338
2689
536
1816
859
600
244
2002
2111
1538
1060
298
2023
1495
854
677
535
926
916
505
878
229
124
1065
2005
2899
189
1260
1991
919
907
901
699
313
3788
1830
1800
1680
1566
137
6888
1241
856
80737
2288
939
912
551
3903
47
1035
6133
1038
398
2011
3382
1171
801
3333
1373
728
546
3839
1382
2322
1169
1130
345
2886
471
1101
10
3968
609
210
2628
2345
1030
952
550
2018
855
35
270
3639
1359
723
363
1233
659
6839
3383
2618
127
789
695
430
242
3618
1330
1366
993
1157
498
2358
1310
719
528
3322
941
423
1082
190
6198
1776
6116
3988
687
410
1700
755
6818
1090
1055
960
690
611
268
2341
814
737
846
6823
1349
895
572
6865
1421
887
333
1117
201
89
877
4
3737
303
1968
1398
319
746
1766
1480
144
608
389
66
3709
177
1929
1093
710
2128
1533
113
6863
1288
3808
1898
1381
2118
620
432
75
1322
6837
3698
2298
1858
267
3369
1415
78
1111
1072
1498
598
6139
1193
2388
2280
1448
3399
1813
1622
83
1963
669
131
2883
2039
1098
152
71
53
388
84602
6882
6880
6866
6838
6830
6822
6388
6230
6188
6128
6030
4605
4604
4603
4601
4338
4337
4336
4335
4333
4332
3998
3996
3989
3886
3868
3838
3833
3828
3816
3800
3683
3666
3398
3368
3363
3344
3337
3335
2923
2922
2917
2906
2889
2668
2638
2600
2468
2399
2379
2355
2339
2336
2330
2327
2317
2310
2309
2308
2307
2268
2133
2123
2121
2100
2078
2033
2028
2012
2010
1998
1938
1918
1913
1889
1884
1883
1863
1803
1771
1733
1718
1698
1683
1681
1678
1638
1636
1628
1619
1522
1509
1500
1499
1486
1483
1478
1466
1446
1438
1399
1388
1383
1380
1372
1370
1367
1363
1360
1353
1340
1339
1327
1318
1314
1298
1290
1289
1278
1273
1270
1269
1263
1258
1255
1246
1240
1237
1235
1230
1229
1228
1223
1221
1218
1215
1213
1210
1192
1191
1189
1187
1182
1181
1174
1170
1168
1166
1163
1160
1150
1149
1142
1139
1137
1136
1132
1127
1123
1118
1116
1108
1105
1100
1097
1089
1080
1079
1076
1075
1073
1058
1047
1039
1029
1026
1021
1019
1018
1017
1016
1015
1010
1008
1007
1005
1004
996
990
984
982
981
978
976
967
956
948
940
938
931
930
929
928
927
922
918
910
909
903
900
899
898
894
886
885
881
874
873
868
867
866
865
864
861
858
851
850
839
837
834
833
832
831
830
828
827
826
822
816
812
810
802
800
794
787
776
775
773
770
763
761
733
731
729
725
720
718
715
704
701
697
691
685
678
676
675
668
663
655
650
645
642
640
639
638
637
629
628
623
621
619
605
602
599
596
595
591
583
581
577
574
573
571
569
567
566
563
558
557
556
555
554
552
544
540
532
529
527
526
517
515
506
495
493
491
483
480
477
475
474
469
467
465
462
460
459
451
449
445
440
426
422
416
413
404
399
396
395
391
387
385
382
380
373
372
369
367
361
360
355
335
329
318
311
309
307
297
296
295
292
287
283
282
278
277
275
274
266
258
257
255
253
252
248
247
246
243
238
236
233
227
226
225
219
217
213
212
211
206
199
186
183
182
176
170
167
166
160
158
156
155
147
145
143
141
139
132
130
128
125
123
118
116
110
107
106
104
99
98
97
96
94
90
88
85
84
79
76
69
68
67
61
60
59
57
48
42
37
29
28
26
22
3308
3898
590
425
11
1036
484
168
350
184
3908
411
1530
1456
357
963
1515
392
194
175
1818
1599
1375
3336
2380
288
1828
1292
317
921
1988
1833
1600
3366
135
51
14
1236
799
337
16
2357
2348
2302
662
50
2211
1385
374
3822
1616
1066
693
458
384
2186
1044
3882
2009
777
142
3866
543
497
1428
3663
44
8
1910
933
806
764
95
25
2196
1083
635
2
1831
683
1211
752
62
45
3983
2623
315
220
1234
1190
945
1520
17
3888
2188
218
151
3818
2382
3378
1528
259
1133
3328
2086
289
1432
32
2168
1966
570
3377
771
300
223
3948
1899
2233
1888
1253
1238
1131
998
434
354
173
1208
665
133
72
56
1972
1128
379
3699
1031
759
371
316
1297
1088
368
1993
6288
2699
636
46
838
670
2356
2221
694
215
77
9
5
3606
606
643
951
896
973
494
41
580
234
91
1333
3339
835
464
6123
1222
617
1986
1618
1053
1822
1299
586
587
205
6161
3899
2728
872
174
165
1868
2283
1332
736
334
1200
880
23
1866
585
568
2722
12
1203
111
55
1
3300
1165
331
86
1178
829
450
346
2323
1006
1070
1064
953
2383
2200
2083
1439
1103
897
3823
2112
1361
279
1113
1087
657
950
626
512
20
1768
1323
400
377
27
1823
1085
322
40
983
19
2378
1161
230
3318
273
198
2299
157
819
3360
2255
1027
112
18
1135
1002
2066
2030
3
1908
1025
651
43
6808
905
539
291
1829
1900
1418
841
456
1836
992
533
1277
1262
126
281
560
2300
966
840
138
882
1812
1196
1050
1862
709
265
3396
1848
2338
1271
969
730
390
3323
2799
2607
1928
1336
431
376
362
293
64
3993
3623
2080
1293
161
3777
286
2727
914
679
958
1185
842
172
2099
2223
1387
338
3608
1028
1003
1341
1886
1685
1266
1046
753
2331
1393
1251
263
646
6898
3778
757
1708
1316
1145
2398
224
1788
1326
1219
342
1052
1345
747
3380
299
87
1313
970
202
164
3636
1198
925
328
101
1461
1281
821
1164
1102
632
3386
2006
1043
825
103
3889
393
200
2608
1728
1347
631
630
538
364
312
34
1358
1492
576
932
105
758
547
524
2038
1396
31
2662
1091
906
3315
1112
989
862
1329
6889
196
653
2000
1561
1355
1151
2788
2286
2222
1663
1249
245
341
214
2282
2882
1798
2198
1447
2008
915
863
154
2020
2236
2193
1063
889
522
408
428
256
3999
418
2669
191
2014
908
809
689
222
330
33
672
6136
3933
1069
2218
323
959
232
2888
641
3313
2688
1265
1121
36
1296
1013
686
612
750
818
351
487
1368
1099
1979
1673
1666
1212
347
1188
397
2213
1175
706
340
1186
2343
2312
1301
766
204
171
975
511
2362
698
1335
2303
717
30
52
769
359
486
3836
6166
2320
260
582
805
332
2369
276
6836
1856
503
1206
2789
513
658
221
656
593
1125
1041
3303
510
589
406
1819
1661
2878
326
1143
468
402
209
1231
1138
1443
1328
1195
603
1778
375
320
6210
2199
860
2068
549
1048
559
153
673
627
853
1880
1302
3330
417
290
1280
798
767
187
479
1227
1124
336
871
722
2678
1126
988
305
439
1146
1808
1430
1051
1259
705
3600
2371
1623
954
979
365
231
1140
353
726
2228
815
525
2916
542
2866
261
1319
844
848
1239
1878
2329
82
442
847
1106
1225
3708
482
3668
383
2289
1096
352
987
974
109
1682
674
2229
