V1	cummax	cummin	C	V4	V5
sh000001	3264.85	3220.64	3249.78	0.659126894367797	-0.0021647619223456
sh000016	2667.79	2610.58	2636.63	0.455339975528757	0.000969040024576762
sh000300	3755.19	3672.5	3712.19	0.479985487967106	0.00044582847321939
sh000905	6192.94	6105.96	6184.02	0.897447689123946	-0.00559021477938304
sh510050	2.71	2.656	2.677	0.388888888888888	0.002241314904744
sh600000	13.75	13.28	13.38	0.212765957446811	0.0100896860986548
sh600006	6.09	5.96	6.05	0.692307692307692	-0.00413223140495855
sh600008	6.15	5.8	5.9	0.285714285714287	0.0127118644067796
sh600009	37.79	36.05	36.38	0.189655172413796	0.0148433205057723
sh600010	2.58	2.45	2.5	0.384615384615384	0.00600000000000001
sh600011	7.38	7.18	7.26	0.4	0.00275482093663904
sh600012	13.08	12.5	12.79	0.499999999999998	0
sh600015	10.28	9.87	9.98	0.268292682926832	0.00951903807615229
sh600016	8.77	8.47	8.5	0.0999999999999982	0.0141176470588236
sh600017	4.86	4.46	4.76	0.749999999999999	-0.0210084033613445
sh600018	7.03	6.62	6.88	0.634146341463414	-0.00799418604651159
sh600019	7.48	7.02	7.05	0.0652173913043482	0.0283687943262412
sh600021	11.72	11.53	11.63	0.526315789473688	-0.000429922613929601
sh600022	2.3	2.22	2.26	0.499999999999997	0
sh600023	5.59	5.52	5.54	0.285714285714291	0.00270758122743686
sh600026	6.89	6.6	6.72	0.413793103448276	0.00372023809523792
sh600027	4.75	4.68	4.74	0.857142857142861	-0.00527426160337563
sh600028	6.18	6.04	6.14	0.714285714285713	-0.00488599348534202
sh600029	8.54	7.93	8.04	0.180327868852458	0.0242537313432836
sh600030	17.69	17.21	17.43	0.458333333333331	0.00114744693057967
sh600031	8.7	8.22	8.3	0.166666666666667	0.0192771084337349
sh600036	26.24	24.67	25.9	0.783439490445859	-0.0171814671814672
sh600037	14.15	13.9	14.1	0.799999999999997	-0.00531914893617014
sh600038	45.6	41.45	45.49	0.973493975903615	-0.043196306880633
sh600039	4.72	4.42	4.48	0.200000000000002	0.0200892857142856
sh600048	10.99	10.29	10.48	0.271428571428573	0.0152671755725191
sh600053	36.99	33.56	35.52	0.571428571428572	-0.0068975225225224
sh600056	24.84	23.71	24.07	0.31858407079646	0.00851682592438707
sh600058	14.97	14.02	14.44	0.442105263157894	0.00380886426592819
sh600059	9.12	8.89	9.1	0.913043478260871	-0.0104395604395605
sh600060	14.79	14.14	14.27	0.199999999999999	0.0136650315346882
sh600061	16.3	15.6	16.15	0.785714285714283	-0.0123839009287925
sh600062	21.52	20.45	20.75	0.280373831775702	0.0113253012048193
sh600064	15.3	14.83	15	0.361702127659574	0.00433333333333352
sh600066	23.09	22.18	22.59	0.450549450549451	0.00199203187250996
sh600067	8.03	7.41	7.72	0.5	0
sh600068	12.34	11.22	11.39	0.151785714285714	0.0342405618964003
sh600073	9.64	9.36	9.6	0.857142857142854	-0.0104166666666666
sh600074	11.08	10.39	10.39	0	0.0332050048123194
sh600079	18.46	18	18.26	0.56521739130435	-0.00164293537787519
sh600085	33.52	32.09	32.63	0.377622377622377	0.00536316273368076
sh600086	10.65	10.34	10.51	0.548387096774192	-0.00142721217887709
sh600088	16.04	15.11	15.92	0.870967741935485	-0.0216708542713568
sh600089	10.4	10.05	10.36	0.885714285714283	-0.0130308880308878
sh600094	7.65	7.51	7.6	0.642857142857139	-0.00263157894736832
sh600098	7.48	7.31	7.4	0.529411764705884	-0.000675675675675835
sh600104	31.97	29.78	30.45	0.30593607305936	0.0139573070607553
sh600108	4.53	4.39	4.51	0.857142857142854	-0.0110864745011086
sh600109	11.2	10.83	11.19	0.972972972972973	-0.0156389633601429
sh600111	16.41	13.8	15.75	0.747126436781609	-0.040952380952381
sh600112	7.08	6.67	6.81	0.341463414634145	0.00954478707782669
sh600115	7.02	6.72	6.81	0.3	0.00881057268722452
sh600118	27.88	26.18	27.67	0.876470588235296	-0.0231297434044091
sh600120	27.75	25.53	26.9	0.617117117117116	-0.00966542750929356
sh600122	10.71	10.44	10.54	0.370370370370367	0.00332068311195455
sh600125	10.74	9.77	10	0.237113402061856	0.0254999999999999
sh600126	7.89	7.51	7.64	0.342105263157895	0.00785340314136129
sh600138	20.75	20.08	20.57	0.731343283582091	-0.00753524550315998
sh600141	15.8	13.61	14.87	0.575342465753424	-0.0110961667787491
sh600143	5.85	5.58	5.82	0.888888888888891	-0.0180412371134021
sh600150	23.48	22.5	23.37	0.887755102040817	-0.016260162601626
sh600151	7.88	7.53	7.85	0.914285714285713	-0.0184713375796178
sh600153	13.56	12.57	12.79	0.222222222222221	0.0215011727912433
sh600157	3.85	3.62	3.67	0.217391304347825	0.0177111716621254
sh600158	14.07	13.5	13.91	0.719298245614035	-0.00898634076204174
sh600160	12.36	11.23	12.2	0.858407079646017	-0.0331967213114753
sh600161	31.88	29.39	31.29	0.763052208835341	-0.0209332054969639
sh600166	2.91	2.84	2.87	0.42857142857143	0.00174216027874552
sh600169	4.04	3.9	3.99	0.642857142857144	-0.00501253132832091
sh600170	3.98	3.84	3.91	0.500000000000002	0
sh600171	12.58	11.7	11.84	0.15909090909091	0.0253378378378379
sh600175	4.67	4.48	4.57	0.473684210526316	0.0010940919037199
sh600176	11.15	10.52	10.66	0.222222222222223	0.0164165103189493
sh600177	11.1	10.56	10.7	0.259259259259257	0.0121495327102805
sh600180	15.33	14.42	14.58	0.175824175824176	0.020233196159122
sh600183	15.43	14.05	15.08	0.746376811594203	-0.0225464190981433
sh600184	18.78	18.03	18.72	0.919999999999997	-0.0168269230769229
sh600187	4.69	4.5	4.6	0.526315789473681	-0.00108695652173896
sh600188	14.69	13.01	13.22	0.125000000000001	0.0476550680786687
sh600195	18.34	17.9	18.33	0.977272727272724	-0.0114566284779051
sh600196	29.92	28.37	28.78	0.264516129032258	0.0126824183460736
sh600198	13.74	13.15	13.65	0.847457627118644	-0.0150183150183151
sh600200	14.05	12.69	13.75	0.779411764705882	-0.0276363636363636
sh600201	33.9	32.78	33.63	0.758928571428574	-0.00862325304787392
sh600208	4.52	4.35	4.49	0.82352941176471	-0.0122494432071271
sh600216	10.3	9.71	10.18	0.796610169491524	-0.0171905697445971
sh600219	3.66	3.46	3.5	0.2	0.0171428571428571
sh600220	3.42	3.28	3.36	0.571428571428571	-0.00297619047619058
sh600221	3.35	3.25	3.28	0.299999999999998	0.00609756097560976
sh600233	18.59	18	18.49	0.830508474576269	-0.0105462412114655
sh600236	5.59	5.48	5.52	0.363636363636358	0.00271739130434789
sh600240	9.85	9.1	9.54	0.586666666666666	-0.00681341719077566
sh600251	7.99	7.35	7.78	0.671875	-0.0141388174807199
sh600252	3.98	3.9	3.97	0.875000000000003	-0.00755667506297231
sh600256	4.38	4.25	4.32	0.538461538461541	-0.00115740740740755
sh600259	51.15	47.4	48.47	0.285333333333333	0.0166082112646999
sh600260	27.3	26.03	26.38	0.275590551181101	0.0108036391205459
sh600266	14.05	13.49	13.65	0.285714285714286	0.00879120879120876
sh600267	12.58	12.06	12.28	0.423076923076921	0.00325732899022801
sh600270	19.19	18.32	18.74	0.482758620689652	0.000800426894343786
sh600271	19.58	18.66	19.27	0.66304347826087	-0.00778412039439558
sh600276	50.59	49.85	50.47	0.837837837837832	-0.00495343768575396
sh600280	7.55	7.32	7.52	0.869565217391303	-0.0113031914893615
sh600282	4.7	4.39	4.5	0.35483870967742	0.01
sh600284	11	10.71	10.89	0.620689655172415	-0.00321395775941236
sh600291	38.42	32.66	33.79	0.196180555555556	0.0517904705534182
sh600292	10.25	9.96	10.25	1	-0.0141463414634146
sh600297	7.88	7.34	7.51	0.314814814814815	0.0133155792276964
sh600298	24.66	23.23	23.8	0.398601398601399	0.00609243697478989
sh600299	11.52	11.08	11.26	0.409090909090909	0.00355239786856143
sh600300	6.44	5.59	5.75	0.188235294117647	0.0460869565217392
sh600307	3.17	3.01	3.08	0.437500000000001	0.00324675324675328
sh600309	32.99	30.8	31.04	0.10958904109589	0.0275451030927836
sh600312	13.69	13.17	13.41	0.461538461538462	0.00149142431021621
sh600315	31.41	29.81	30.84	0.64375	-0.00745784695201035
sh600316	18.7	15.71	18.13	0.809364548494983	-0.0510204081632654
sh600317	3.55	3.45	3.5	0.5	0
sh600320	5.6	5.4	5.48	0.400000000000002	0.00364963503649629
sh600325	8.24	7.96	8.1	0.499999999999998	0
sh600329	17.4	16.85	17.11	0.472727272727272	0.000876680303915967
sh600332	27.51	26.25	26.63	0.3015873015873	0.00938790837401449
sh600335	13.27	11.88	12.08	0.143884892086331	0.0409768211920529
sh600338	45.5	38.84	44.27	0.815315315315316	-0.0474361870341089
sh600340	31.72	30.18	30.72	0.35064935064935	0.00748697916666674
sh600346	8.97	8.37	8.66	0.483333333333334	0.00115473441108538
sh600348	8.45	7.66	7.75	0.113924050632911	0.0393548387096774
sh600350	6.65	6.32	6.39	0.21212121212121	0.0148669796557122
sh600351	8.22	7.92	8.12	0.666666666666663	-0.0061576354679802
sh600352	10.85	10.05	10.47	0.525000000000001	-0.00191021967526284
sh600362	20.64	18.02	19.62	0.610687022900764	-0.0147808358817535
sh600366	19.27	18.39	18.79	0.454545454545453	0.00212879191059079
sh600369	6.02	5.75	6.01	0.962962962962964	-0.0207986688851913
sh600372	16.28	15.42	16.19	0.895348837209303	-0.0210006176652254
sh600373	23.05	21.68	22.92	0.905109489051096	-0.0242146596858639
sh600376	11.57	11.32	11.47	0.600000000000001	-0.00217959895379249
sh600377	9.72	9.39	9.64	0.757575757575757	-0.0088174273858922
sh600380	9.22	8.89	9.05	0.484848484848485	0.000552486187845203
sh600383	12.69	11.95	12.14	0.256756756756758	0.014827018121911
sh600388	14.55	14.07	14.23	0.333333333333333	0.00562192550948692
sh600392	17.61	15.79	17	0.664835164835165	-0.0176470588235295
sh600395	8.43	7.78	7.9	0.184615384615385	0.0259493670886075
sh600397	4.99	4.52	4.63	0.23404255319149	0.0269978401727862
sh600398	9.54	9.36	9.45	0.5	0
sh600406	17.84	16.85	17.14	0.292929292929293	0.0119603267211201
sh600409	12.28	11.14	11.49	0.307017543859649	0.0191470844212358
sh600415	7.36	7.16	7.29	0.649999999999999	-0.00411522633744854
sh600416	12.62	12.18	12.41	0.522727272727274	-0.000805801772764014
sh600418	10.15	9.81	10.01	0.588235294117645	-0.0029970029970029
sh600422	10.95	10.7	10.85	0.600000000000001	-0.00230414746543783
sh600425	4.05	3.71	3.79	0.235294117647059	0.0237467018469657
sh600426	12.47	11.77	12.02	0.357142857142857	0.00831946755407675
sh600428	7.6	6.97	7.02	0.0793650793650791	0.0377492877492878
sh600433	6.39	6.06	6.31	0.757575757575757	-0.0134706814580031
sh600435	15.26	14.12	15.24	0.982456140350878	-0.0360892388451444
sh600436	57.19	54.82	55.29	0.19831223628692	0.0129318140712606
sh600438	6.24	6.03	6.18	0.714285714285712	-0.00728155339805825
sh600446	15.92	14.89	15.89	0.970873786407768	-0.0305223410950283
sh600458	12.36	11.25	12.16	0.81981981981982	-0.0291940789473685
sh600466	9.25	8.42	9.15	0.879518072289157	-0.0344262295081966
sh600478	8.54	8.06	8.43	0.770833333333334	-0.015421115065243
sh600481	4.77	4.6	4.76	0.941176470588237	-0.0157563025210085
sh600482	25.4	24.4	24.97	0.57	-0.00280336403684422
sh600483	9.88	9.54	9.82	0.823529411764705	-0.0112016293279021
sh600487	27.11	25.34	26.1	0.429378531073447	0.00478927203065127
sh600489	11.13	10.55	10.82	0.46551724137931	0.00184842883548986
sh600496	4.66	4.46	4.64	0.899999999999998	-0.0172413793103446
sh600497	7.88	6.85	7.14	0.281553398058252	0.0315126050420169
sh600498	23.93	23.13	23.79	0.824999999999999	-0.0109289617486338
sh600499	9.04	8.63	8.73	0.24390243902439	0.0120274914089347
sh600500	10.74	10.22	10.51	0.557692307692306	-0.0028544243577544
sh600503	8.15	7.32	7.48	0.19277108433735	0.0340909090909092
sh600511	31.65	30.59	30.98	0.367924528301888	0.00451904454486751
sh600515	11.15	10.06	11	0.862385321100917	-0.0359090909090909
sh600516	29.85	23.77	28.08	0.708881578947368	-0.0452279202279201
sh600517	6.96	6.78	6.95	0.944444444444446	-0.0115107913669065
sh600518	20.74	19.91	20.5	0.710843373493977	-0.00853658536585367
sh600519	485.35	466.56	473.87	0.389036721660457	0.00439994091206453
sh600521	20.74	18.9	19.51	0.331521739130436	0.0158892875448486
sh600522	11.46	11.06	11.31	0.624999999999999	-0.00442086648983187
sh600525	14.65	14.05	14.51	0.766666666666666	-0.0110268780151619
sh600528	15.77	14.7	15	0.280373831775702	0.0156666666666667
sh600535	38.23	37.27	37.69	0.437499999999997	0.00159193420005321
sh600536	17.8	16.71	17.69	0.89908256880734	-0.0245901639344261
sh600537	4.95	4.66	4.86	0.689655172413794	-0.0113168724279836
sh600545	11.37	10.8	10.9	0.175438596491228	0.0169724770642203
sh600547	32.35	30.53	31.2	0.368131868131867	0.00769230769230766
sh600549	27.64	25.75	26.34	0.312169312169312	0.0134776006074411
sh600551	15.75	15.1	15.61	0.784615384615384	-0.0118513773222293
sh600557	16.37	15.93	16.23	0.681818181818181	-0.00492914356130636
sh600563	54.4	50.02	51.24	0.278538812785388	0.0189305230288837
sh600565	5.38	5.26	5.38	1	-0.0111524163568772
sh600566	36.35	34.13	35.14	0.454954954954954	0.0028457598178715
sh600570	43.55	38.66	43.37	0.96319018404908	-0.0522250403504727
sh600572	6.74	6.61	6.71	0.769230769230767	-0.00521609538002965
sh600575	4.04	3.91	3.97	0.461538461538462	0.00125944584382864
sh600578	4.49	4.37	4.43	0.499999999999996	0
sh600580	7.76	7.31	7.69	0.844444444444446	-0.0201560468140443
sh600582	5.2	4.94	4.96	0.0769230769230753	0.0221774193548387
sh600583	6.28	6.14	6.26	0.857142857142854	-0.00798722044728428
sh600584	15.74	14.75	15.61	0.868686868686868	-0.0233824471492632
sh600585	24.51	23.32	23.91	0.49579831932773	0.000209117524048397
sh600586	5.42	5.06	5.32	0.722222222222223	-0.0150375939849624
sh600587	19.56	18.6	19.19	0.614583333333335	-0.00573215216258482
sh600588	18.13	16.8	18.1	0.977443609022558	-0.0350828729281769
sh600594	13.79	13.37	13.7	0.785714285714286	-0.00875912408759127
sh600596	10.16	8.81	9.6	0.585185185185185	-0.0119791666666667
sh600597	12.4	12.04	12.18	0.388888888888889	0.00328407224958949
sh600600	33.57	32.71	33.52	0.941860465116282	-0.0113365155131265
sh600601	3.94	3.82	3.91	0.750000000000002	-0.00767263427109977
sh600606	8.13	7.72	8	0.682926829268292	-0.00937499999999991
sh600611	5.51	5.34	5.49	0.882352941176473	-0.0118397085610201
sh600612	44.72	43.7	43.9	0.196078431372546	0.00706150341685663
sh600614	12.16	11.47	11.9	0.623188405797101	-0.00714285714285712
sh600618	12.9	11.88	12.4	0.509803921568627	-0.000806451612903158
sh600623	11.23	10.3	11.01	0.763440860215053	-0.0222524977293369
sh600628	13.22	12.45	12.71	0.337662337662339	0.00983477576711245
sh600633	21.38	19.7	21.21	0.898809523809525	-0.0315888731730317
sh600635	5.54	5.3	5.47	0.708333333333332	-0.00914076782449724
sh600637	21	20.31	20.97	0.956521739130433	-0.0150214592274677
sh600639	18.29	17.55	18.2	0.878378378378378	-0.0153846153846152
sh600640	17.48	15.81	17.07	0.754491017964072	-0.0248974809607498
sh600642	6.4	6.22	6.27	0.277777777777776	0.00637958532695393
sh600645	24.95	23.33	24.15	0.506172839506173	-0.000414078674948137
sh600648	17.98	17.51	17.92	0.872340425531917	-0.009765625
sh600649	11.09	10.46	10.83	0.587301587301587	-0.00507848568790392
sh600651	9.02	8.68	9.01	0.970588235294118	-0.0177580466148723
sh600660	24.8	23.25	23.45	0.129032258064516	0.0245202558635393
sh600663	23.06	22.6	22.97	0.804347826086956	-0.00609490639965171
sh600664	5.58	5.48	5.57	0.900000000000002	-0.00718132854578102
sh600674	10.39	9.9	9.97	0.142857142857143	0.0175526579739216
sh600682	37.97	36.96	36.97	0.00990099009900795	0.0133892345144713
sh600685	26.98	25.9	26.74	0.777777777777776	-0.0112191473448018
sh600687	13.04	12.23	13.03	0.987654320987655	-0.0303146584804298
sh600688	7.1	6.72	6.92	0.526315789473685	-0.00144508670520227
sh600690	14.87	13.97	14.07	0.111111111111111	0.0248756218905473
sh600694	41.14	39.95	40.5	0.462184873949578	0.00111111111111106
sh600699	31.2	29.82	30.76	0.681159420289857	-0.00812743823146955
sh600703	20.14	18.61	18.99	0.248366013071895	0.0202738283307005
sh600704	7.47	6.94	7.39	0.849056603773585	-0.0250338294993233
sh600705	6.14	5.84	5.92	0.266666666666667	0.0118243243243243
sh600717	12.57	12.01	12.2	0.339285714285713	0.00737704918032778
sh600718	15.75	14.99	15.71	0.947368421052633	-0.0216422660725653
sh600720	10.13	9.24	9.33	0.101123595505618	0.0380493033226152
sh600729	28.49	26.26	26.84	0.260089686098654	0.0199329359165425
sh600736	7.08	6.87	7.03	0.761904761904763	-0.00782361308677104
sh600737	10	9.58	9.71	0.309523809523811	0.00823892893923772
sh600739	20.74	18.98	19.39	0.232954545454546	0.0242392986075295
sh600741	22.78	20.67	21.35	0.322274881516588	0.0175644028103044
sh600743	4.39	4.01	4.31	0.789473684210526	-0.0255220417633412
sh600748	7.28	7.04	7.12	0.333333333333333	0.00561797752808979
sh600750	31.19	30.42	30.95	0.688311688311686	-0.00468497576736671
sh600751	6.57	5.95	6.31	0.580645161290322	-0.00792393026941363
sh600754	29.3	27	28.77	0.769565217391304	-0.0215502259297881
sh600755	11.63	9.6	11.39	0.881773399014778	-0.0680421422300264
sh600757	7.52	7.15	7.48	0.891891891891894	-0.0193850267379679
sh600758	11.15	10.02	10.13	0.0973451327433638	0.0449160908193484
sh600759	5.05	4.58	4.87	0.617021276595745	-0.01129363449692
sh600765	14.35	13.47	14.27	0.909090909090909	-0.0252277505255781
sh600770	7.24	6.91	7.22	0.939393939393938	-0.0200831024930748
sh600773	12.9	11.81	12.02	0.192660550458715	0.0278702163061564
sh600776	6.59	6.34	6.54	0.800000000000001	-0.0114678899082569
sh600783	17.28	15.74	16.19	0.292207792207793	0.0197652872143299
sh600787	8.77	8.29	8.5	0.437500000000001	0.00352941176470578
sh600790	6.75	6.58	6.73	0.882352941176473	-0.00965824665676085
sh600801	13.38	11.93	11.97	0.0275862068965523	0.0572263993316626
sh600804	16.77	16.31	16.6	0.6304347826087	-0.00361445783132541
sh600805	7.74	7.51	7.61	0.434782608695654	0.00197109067017087
sh600808	4.65	4.28	4.31	0.0810810810810793	0.0359628770301625
sh600809	38.28	35.42	38.25	0.989510489510489	-0.0366013071895425
sh600811	5.3	5.1	5.18	0.4	0.00386100386100385
sh600816	15.09	13.72	14.04	0.233576642335765	0.0259971509971511
sh600820	9.81	9.52	9.6	0.275862068965517	0.00677083333333339
sh600823	5.34	5.12	5.15	0.136363636363638	0.0155339805825243
sh600825	7.31	6.71	7.29	0.966666666666667	-0.0384087791495199
sh600826	16.8	16.13	16.64	0.761194029850747	-0.010516826923077
sh600827	14.93	14.56	14.87	0.837837837837836	-0.00840618695359774
sh600831	9.68	9.38	9.66	0.933333333333335	-0.0134575569358177
sh600835	21.47	20.61	20.94	0.383720930232561	0.00477554918815648
sh600837	15.07	14.65	14.87	0.523809523809521	-0.00067249495628785
sh600839	3.67	3.5	3.62	0.705882352941177	-0.00966850828729282
sh600848	24.2	22.63	22.76	0.0828025477707023	0.0287785588752196
sh600850	20.59	19.71	20.59	1	-0.021369596891695
sh600851	9.81	9.28	9.76	0.905660377358489	-0.0220286885245902
sh600859	15.98	15.4	15.71	0.534482758620691	-0.00127307447485681
sh600862	11.39	9.65	10.7	0.603448275862068	-0.016822429906542
sh600863	3.34	3.17	3.21	0.235294117647059	0.014018691588785
sh600864	8.84	8.46	8.76	0.789473684210526	-0.0125570776255707
sh600867	17.23	16.66	16.81	0.263157894736839	0.00803093396787635
sh600869	6.83	6.59	6.75	0.666666666666667	-0.00592592592592589
sh600871	3.19	3.11	3.16	0.625000000000003	-0.00316455696202544
sh600872	18.62	17.6	17.83	0.225490196078428	0.0157038698822209
sh600873	6.27	5.87	6.21	0.850000000000001	-0.0225442834138486
sh600874	17.99	16.53	17.43	0.616438356164384	-0.00975329890992549
sh600875	10.54	10	10.37	0.685185185185185	-0.00964320154291221
sh600879	8.78	8.4	8.72	0.842105263157898	-0.014908256880734
sh600880	6.24	5.95	6.21	0.89655172413793	-0.0185185185185184
sh600881	5.49	5.33	5.36	0.187500000000001	0.00932835820895517
sh600884	20.85	18.42	19.06	0.263374485596707	0.030167890870934
sh600886	8.44	8.14	8.25	0.366666666666666	0.00484848484848466
sh600887	21.36	20.31	20.38	0.0666666666666669	0.0223258096172718
sh600893	31.07	29	29.66	0.318840579710145	0.0126432906271072
sh600894	11.78	11.58	11.75	0.850000000000003	-0.00595744680851062
sh600895	17.13	16.17	16.88	0.739583333333333	-0.0136255924170616
sh600900	15.11	14.78	15.01	0.696969696969698	-0.00433044636908719
sh600908	11.39	10.71	11.1	0.573529411764704	-0.00450450450450446
sh600917	9.29	9.05	9.17	0.5	0
sh600919	9.73	9.29	9.41	0.272727272727274	0.0106269925611051
sh600926	15.5	14.76	14.99	0.310810810810811	0.00933955970647093
sh600936	7.93	7.62	7.9	0.903225806451615	-0.0158227848101266
sh600958	16.37	15.72	16.16	0.676923076923076	-0.00711633663366329
sh600967	16.84	14.4	15.3	0.368852459016394	0.0209150326797385
sh600970	8.81	8.34	8.46	0.255319148936172	0.0135933806146571
sh600971	12.25	10.71	10.82	0.0714285714285711	0.0609981515711646
sh600977	18.42	16.87	18.33	0.941935483870966	-0.037370430987452
sh600978	9.88	9.36	9.8	0.846153846153846	-0.0183673469387755
sh600981	7.19	6.98	7.17	0.904761904761903	-0.011854951185495
sh600993	21.2	20.43	20.82	0.506493506493508	-0.000240153698367052
sh600998	20.49	19.76	20.2	0.602739726027397	-0.00371287128712872
sh600999	17.94	17.35	17.86	0.864406779661014	-0.0120380739081745
sh601000	5.37	5.16	5.28	0.571428571428572	-0.00284090909090906
sh601001	7	6.22	6.33	0.141025641025641	0.0442338072669826
sh601002	9.98	9.22	9.72	0.657894736842105	-0.0123456790123456
sh601006	9.18	8.75	8.93	0.41860465116279	0.00391937290033595
sh601009	8.22	7.92	8.01	0.299999999999999	0.00749063670411987
sh601010	4.27	4.16	4.27	1	-0.0128805620608898
sh601012	20.58	19.05	19.98	0.607843137254903	-0.00825825825825843
sh601016	3.64	3.54	3.62	0.8	-0.00828729281767959
sh601018	6.82	5.69	6.79	0.973451327433628	-0.0787923416789396
sh601021	31.97	30.6	31.83	0.897810218978102	-0.0171222117499213
sh601098	17.56	16.9	17.18	0.424242424242426	0.00291036088474961
sh601099	4.07	3.94	4.03	0.692307692307693	-0.00620347394540954
sh601106	3.85	3.58	3.8	0.814814814814814	-0.0223684210526316
sh601111	9.28	8.56	8.73	0.236111111111111	0.0217640320733103
sh601117	8.07	7.45	7.58	0.209677419354838	0.0237467018469657
sh601118	6.33	6.06	6.17	0.407407407407408	0.00405186385737455
sh601127	20.65	18.69	19.14	0.229591836734694	0.0276907001044933
sh601128	10.52	10.01	10.24	0.450980392156864	0.00244140625
sh601139	8.63	8.51	8.62	0.916666666666654	-0.00580046403712287
sh601155	17.85	17.19	17.6	0.621212121212121	-0.00454545454545441
sh601158	7.18	7.02	7.14	0.75	-0.00560224089635852
sh601163	25.05	24.08	24.94	0.886597938144331	-0.015036086607859
sh601166	18.24	17.62	17.76	0.225806451612905	0.009572072072072
sh601168	9.62	8.71	8.83	0.131868131868131	0.0379388448471121
sh601169	8.12	7.76	7.8	0.111111111111111	0.0179487179487179
sh601179	5.82	5.58	5.63	0.208333333333332	0.0124333925399644
sh601186	13.53	12.69	12.94	0.297619047619048	0.0131375579598145
sh601198	18.48	17.75	18.39	0.876712328767124	-0.0149537792278411
sh601211	21.29	20.51	21.01	0.641025641025643	-0.00523560209424101
sh601216	5.72	5.19	5.23	0.0754716981132077	0.04302103250478
sh601225	8.98	7.83	7.89	0.0521739130434779	0.0652724968314324
sh601229	20.8	19.5	19.8	0.230769230769231	0.0176767676767675
sh601231	14.55	13.18	13.92	0.54014598540146	-0.00395114942528729
sh601233	15.26	14.43	14.48	0.0602409638554225	0.0252071823204418
sh601238	26.95	25.61	25.97	0.26865671641791	0.0119368502117829
sh601258	2.8	2.74	2.79	0.833333333333336	-0.00716845878136196
sh601288	3.8	3.59	3.72	0.619047619047621	-0.00672043010752699
sh601311	14.68	13.8	14.46	0.750000000000001	-0.0152143845089904
sh601318	53.1	51.09	52.36	0.631840796019899	-0.00506111535523301
sh601328	6.62	6.31	6.45	0.451612903225808	0.00232558139534889
sh601333	5.09	4.88	4.9	0.0952380952380975	0.0173469387755101
sh601336	61.6	57.4	59.32	0.457142857142857	0.00303438975050563
sh601377	8.13	7.85	8.08	0.82142857142857	-0.0111386138613861
sh601390	9.09	8.78	8.86	0.258064516129032	0.00846501128668153
sh601398	5.66	5.32	5.53	0.61764705882353	-0.00723327305605792
sh601555	11.95	11.38	11.88	0.877192982456143	-0.0180976430976433
sh601600	5.9	5.23	5.32	0.134328358208955	0.0460526315789473
sh601601	35.45	33.42	34.36	0.463054187192117	0.00218277066356243
sh601607	26.97	24.51	25.32	0.329268292682927	0.0165876777251186
sh601608	5.54	5.15	5.36	0.538461538461539	-0.00279850746268651
sh601611	11.57	11.17	11.47	0.750000000000001	-0.00871839581516998
sh601618	5.25	5.06	5.12	0.315789473684213	0.00683593749999978
sh601628	28.87	27.81	28.3	0.462264150943397	0.00141342756183738
sh601633	13.6	12.35	13.32	0.776	-0.0259009009009009
sh601668	10.96	10.03	10.16	0.13978494623656	0.0329724409448819
sh601669	8.32	8.06	8.15	0.346153846153846	0.00490797546012289
sh601678	8.98	7.95	8.38	0.41747572815534	0.0101431980906921
sh601688	19.83	19	19.59	0.710843373493977	-0.00893312914752431
sh601689	31.71	30.25	31.02	0.527397260273972	-0.00128949065119277
sh601699	9.98	8.73	8.95	0.175999999999999	0.0452513966480448
sh601718	9.17	8.63	8.85	0.407407407407406	0.00564971751412435
sh601727	8.07	7.77	7.95	0.600000000000001	-0.00377358490566038
sh601766	10.24	10.04	10.09	0.250000000000002	0.00495540138751238
sh601777	7.93	7.77	7.92	0.937500000000001	-0.00883838383838387
sh601788	15.54	14.98	15.38	0.714285714285717	-0.00780234070221075
sh601800	17.52	16.08	16.34	0.180555555555556	0.0281517747858016
sh601801	13.31	12.63	12.99	0.529411764705882	-0.00153964588144728
sh601808	11.33	11.01	11.2	0.593749999999998	-0.00267857142857142
sh601811	14.94	14.33	14.89	0.918032786885248	-0.0171255876427133
sh601818	4.37	4.2	4.24	0.235294117647059	0.0106132075471699
sh601857	8.3	7.99	8.15	0.516129032258064	-0.000613496932515445
sh601866	3.93	3.75	3.78	0.166666666666665	0.0158730158730158
sh601877	19.48	19.03	19.26	0.511111111111113	-0.000259605399792306
sh601880	3.06	2.95	3.02	0.636363636363636	-0.00496688741721862
sh601886	10.64	10.11	10.39	0.528301886792454	-0.00144369586140525
sh601888	29.44	28.5	29.42	0.97872340425532	-0.0152957171991843
sh601898	6.54	6.01	6.1	0.169811320754717	0.028688524590164
sh601899	3.71	3.51	3.66	0.750000000000001	-0.0136612021857925
sh601901	9.27	8.67	8.97	0.500000000000001	-2.22044604925031e-16
sh601908	4.76	4.61	4.74	0.866666666666669	-0.0116033755274261
sh601919	6.48	5.89	6.25	0.610169491525424	-0.0104
sh601928	9.33	9.1	9.29	0.826086956521735	-0.00807319698600639
sh601929	3.4	3.31	3.39	0.888888888888891	-0.0103244837758113
sh601933	6.87	6.39	6.59	0.416666666666667	0.00606980273141122
sh601939	6.87	6.42	6.7	0.622222222222223	-0.00820895522388065
sh601958	8.29	7.77	7.91	0.269230769230771	0.0151706700379266
sh601966	19.63	19.06	19.6	0.947368421052636	-0.0130102040816328
sh601969	12.16	11.36	11.47	0.137500000000001	0.0252833478639929
sh601985	7.92	7.78	7.88	0.714285714285713	-0.00380710659898476
sh601988	3.95	3.76	3.87	0.578947368421053	-0.00387596899224807
sh601991	4.58	4.46	4.5	0.333333333333333	0.00444444444444425
sh601992	6.16	6	6.12	0.75	-0.00653594771241828
sh601997	16.2	15.55	15.76	0.323076923076922	0.00729695431472077
sh601998	6.85	6.61	6.65	0.166666666666667	0.0120300751879698
sh603000	14.02	13.28	13.98	0.945945945945947	-0.0236051502145924
sh603001	18.64	18.21	18.61	0.930232558139532	-0.00994089199355175
sh603005	26.8	25.31	26.4	0.731543624161073	-0.0130681818181818
sh603019	25.69	24.56	25.59	0.91150442477876	-0.0181711606096131
sh603025	25.79	24.71	25.5	0.731481481481482	-0.00980392156862742
sh603077	2.36	2.28	2.34	0.75	-0.00854700854700852
sh603160	93.93	90.08	93.49	0.885714285714283	-0.0158840517702428
sh603169	11.08	10.41	10.69	0.417910447761193	0.0051449953227316
sh603188	18.46	17.85	18.1	0.409836065573771	0.00303867403314917
sh603198	20.38	19.56	19.88	0.390243902439025	0.00452716297786715
sh603288	40.33	38.06	38.49	0.189427312775331	0.0183164458300857
sh603328	12.96	12.16	12.61	0.562499999999999	-0.00396510705789044
sh603355	53.49	50.86	52.03	0.444866920152091	0.00278685373822785
sh603369	14.68	13.95	14.29	0.465753424657534	0.00174947515745272
sh603377	35.34	33.51	34.5	0.540983606557377	-0.00217391304347836
sh603421	32.28	29.5	31.84	0.841726618705036	-0.0298366834170855
sh603515	36.62	35.05	36.34	0.821656050955418	-0.0138965327462853
sh603528	11.19	10.52	11.18	0.985074626865672	-0.0290697674418604
sh603555	22.91	21.94	22.59	0.670103092783504	-0.00730411686586985
sh603567	16.25	15.82	16.19	0.860465116279073	-0.0095738109944411
sh603568	20.61	19.62	20.11	0.494949494949494	0.00024863252113394
sh603569	30.05	28.75	29.48	0.561538461538462	-0.00271370420624162
sh603589	40.97	38.45	39.69	0.492063492063491	0.000503905265810012
sh603658	41.4	39.7	40.98	0.752941176470587	-0.0104929233772572
sh603698	23.25	22.24	23.18	0.930693069306931	-0.0187661777394307
sh603766	7.76	7.41	7.72	0.885714285714285	-0.0174870466321243
sh603806	30.21	29.2	30.09	0.88118811881188	-0.0127949484878698
sh603816	57.93	55.05	57.47	0.840277777777778	-0.0170523751522534
sh603866	34.5	32.85	33.77	0.557575757575759	-0.00281314776428798
sh603868	59.5	54.5	56.45	0.390000000000001	0.00974313551815764
sh603883	46.17	44.5	45.91	0.844311377245506	-0.012524504465258
sh603885	14.46	14.05	14.4	0.853658536585365	-0.0100694444444445
sh603993	7.67	6.39	6.6	0.1640625	0.0651515151515152
sz000001	11.27	10.53	10.59	0.0810810810810817	0.029272898961284
sz000002	24.72	22.94	23	0.0337078651685387	0.036086956521739
sz000006	8.63	8.35	8.59	0.857142857142854	-0.0116414435389988
sz000008	7.77	7.5	7.56	0.222222222222221	0.00992063492063489
sz000009	8.86	8.25	8.41	0.262295081967214	0.0172413793103448
sz000012	8.67	8.36	8.52	0.516129032258064	-0.000586854460093766
sz000021	8.48	8.24	8.44	0.83333333333333	-0.00947867298578198
sz000025	51.12	45.5	48.09	0.460854092526691	0.0045747556664586
sz000027	6.69	6.53	6.61	0.5	0
sz000028	78.36	75.35	76.2	0.282392026578075	0.00859580052493425
sz000034	18.21	16.43	16.77	0.191011235955056	0.0327966607036374
sz000039	18.7	17.75	18.04	0.305263157894736	0.0102549889135257
sz000046	8.99	8.4	8.59	0.322033898305084	0.0122235157159489
sz000049	55.19	51.48	53.71	0.601078167115904	-0.00698194004840824
sz000050	23.36	21.91	22.95	0.717241379310345	-0.0137254901960785
sz000060	12.58	11.58	11.76	0.18	0.0272108843537415
sz000062	26.58	25.04	25.74	0.454545454545454	0.00271950271950283
sz000063	24.08	22.55	22.75	0.130718954248366	0.0248351648351648
sz000066	9.67	9.09	9.47	0.655172413793105	-0.00950369588173194
sz000069	9.54	8.85	9.11	0.376811594202899	0.00933040614709113
sz000078	6.27	6	6.19	0.703703703703706	-0.00888529886914391
sz000089	9.25	8.95	9.1	0.5	0
sz000090	11.9	11.32	11.47	0.258620689655173	0.0122057541412379
sz000100	3.72	3.53	3.58	0.263157894736843	0.0125698324022345
sz000156	14.76	14.16	14.65	0.816666666666668	-0.0129692832764505
sz000157	4.86	4.68	4.72	0.222222222222222	0.0105932203389829
sz000158	10.83	10.21	10.49	0.451612903225806	0.00285986653956138
sz000166	5.93	5.78	5.9	0.800000000000004	-0.00762711864406773
sz000333	43.65	40.77	41.2	0.149305555555556	0.024514563106796
sz000338	6.98	6.56	6.63	0.166666666666667	0.0211161387631975
sz000400	17.45	16.81	17.44	0.984375000000003	-0.0177752293577983
sz000401	15.75	14.93	15.29	0.439024390243902	0.00327011118378029
sz000402	12.45	11.67	11.82	0.192307692307693	0.0203045685279186
sz000408	14.37	13.7	13.98	0.417910447761196	0.00393419170243203
sz000413	11.38	10.61	10.84	0.298701298701299	0.0142988929889301
sz000415	7.31	6.96	7.07	0.314285714285716	0.00919377652050923
sz000417	8.55	8.3	8.46	0.640000000000001	-0.00413711583924348
sz000418	46.64	44	45.04	0.393939393939394	0.00621669626998234
sz000423	66.62	61.22	62.99	0.327777777777778	0.0147642482933799
sz000425	4.06	3.88	3.93	0.27777777777778	0.0101781170483459
sz000426	10.1	9.37	9.65	0.383561643835618	0.00880829015544027
sz000488	16.72	15.44	15.68	0.1875	0.0255102040816326
sz000501	17.7	17.01	17.6	0.855072463768119	-0.0139204545454547
sz000513	50.87	47.01	48.06	0.272020725388602	0.0183104452767373
sz000517	4.72	4.51	4.66	0.714285714285716	-0.00965665236051505
sz000519	12.8	12.12	12.67	0.808823529411764	-0.0165745856353591
sz000528	9.66	9.16	9.21	0.100000000000001	0.0217155266015201
sz000536	5.44	5.29	5.43	0.933333333333329	-0.0119705340699815
sz000538	91.55	87.2	88.22	0.234482758620689	0.0130922693266833
sz000539	5.49	5.33	5.44	0.687500000000001	-0.00551470588235303
sz000540	8.74	7.76	8.46	0.714285714285715	-0.0248226950354611
sz000541	9.04	8.85	8.99	0.736842105263163	-0.00500556173526134
sz000543	5.76	5.55	5.68	0.619047619047619	-0.00440140845070425
sz000547	10.19	9.63	10.13	0.892857142857145	-0.0217176702862785
sz000550	22.25	20.92	21.2	0.210526315789472	0.0181603773584906
sz000552	4.05	3.8	3.87	0.280000000000001	0.0142118863049094
sz000559	10.16	9.95	10.13	0.857142857142861	-0.00740375123395864
sz000563	6.18	5.58	5.7	0.2	0.0315789473684209
sz000564	7.03	6.74	6.91	0.586206896551724	-0.00361794500723589
sz000566	13.43	13.18	13.38	0.800000000000004	-0.00560538116591935
sz000568	53.95	51.25	52.8	0.574074074074072	-0.00378787878787867
sz000572	4.93	4.82	4.9	0.727272727272732	-0.00510204081632659
sz000581	27.4	25.52	25.93	0.218085106382979	0.0204396451986117
sz000587	8.12	7.26	7.97	0.825581395348838	-0.0351317440401506
sz000592	5.68	5.35	5.55	0.606060606060607	-0.00630630630630635
sz000596	50.41	47.27	48.71	0.45859872611465	0.00266885649763915
sz000598	5.86	5.66	5.84	0.899999999999998	-0.0136986301369864
sz000600	10.62	10.15	10.35	0.425531914893617	0.0033816425120774
sz000612	9.46	8.71	8.88	0.226666666666667	0.0230855855855856
sz000616	4.39	4.19	4.27	0.399999999999997	0.00468384074941453
sz000620	6.97	6.7	6.79	0.333333333333333	0.00662739322533135
sz000623	23.87	22.74	22.97	0.203539823008849	0.0145842403134524
sz000625	15.35	14.2	14.33	0.11304347826087	0.0310537334263781
sz000626	18.38	16.71	17.71	0.598802395209581	-0.00931677018633537
sz000627	11.72	9.36	9.76	0.169491525423729	0.0799180327868851
sz000630	3.31	3.02	3.11	0.310344827586206	0.0176848874598072
sz000631	4.18	4.04	4.12	0.571428571428573	-0.00242718446601953
sz000636	9.41	8.46	9.22	0.8	-0.0309110629067245
sz000651	41.79	38.55	38.9	0.108024691358025	0.0326478149100258
sz000652	5.02	4.83	5	0.894736842105265	-0.015
sz000656	5.4	5.12	5.24	0.428571428571429	0.00381679389312972
sz000661	122.4	117.55	120.45	0.597938144329897	-0.0039435450394355
sz000667	3.32	3.24	3.31	0.875000000000002	-0.00906344410876125
sz000669	17.94	17.04	17.2	0.177777777777778	0.0168604651162791
sz000671	6.12	5.69	5.84	0.348837209302325	0.0111301369863015
sz000680	5.94	5.72	5.83	0.5	0
sz000681	15.22	14.32	14.9	0.644444444444444	-0.00872483221476517
sz000685	11.3	10.79	11.04	0.490196078431371	0.000452898550724612
sz000686	10.79	10.21	10.64	0.741379310344829	-0.0131578947368421
sz000690	6.68	5.96	6.38	0.583333333333333	-0.00940438871473348
sz000697	19.37	18.89	19.26	0.770833333333335	-0.00674974039460019
sz000703	16.87	15.67	15.78	0.0916666666666661	0.0310519645120406
sz000709	5.08	4.44	4.74	0.46875	0.00421940928270037
sz000712	20.46	19.2	19.52	0.253968253968254	0.0158811475409835
sz000718	5.62	5.47	5.61	0.933333333333335	-0.0115864527629235
sz000723	7.72	7.38	7.42	0.11764705882353	0.0175202156334231
sz000725	4.04	3.89	3.93	0.266666666666667	0.00890585241730268
sz000726	12.23	11.65	12.11	0.79310344827586	-0.0140379851362509
sz000727	2.78	2.73	2.77	0.800000000000004	-0.00541516245487372
sz000728	13.66	12.91	13.38	0.626666666666667	-0.00710014947683113
sz000729	6.44	6.28	6.38	0.624999999999997	-0.00313479623824442
sz000732	16.93	16.22	16.55	0.464788732394368	0.00151057401812671
sz000738	19.57	18.58	19.28	0.707070707070709	-0.0106327800829876
sz000750	5.88	5.68	5.86	0.900000000000002	-0.013651877133106
sz000758	8.25	7.78	7.91	0.276595744680851	0.013274336283186
sz000761	5.81	5.56	5.64	0.32	0.00797872340425521
sz000762	16.3	15.35	15.53	0.189473684210526	0.0189954925949776
sz000768	18.77	17.79	18.65	0.877551020408162	-0.0198391420911527
sz000776	18.02	17.3	17.6	0.416666666666668	0.00340909090909092
sz000777	17.53	16.79	17.33	0.729729729729727	-0.00980957876514699
sz000778	6.48	6.29	6.41	0.63157894736842	-0.00390015600624027
sz000783	9.73	9.38	9.62	0.685714285714282	-0.00675675675675669
sz000786	15.75	14.56	14.93	0.310924369747899	0.0150703281982587
sz000792	11	10.25	10.92	0.893333333333333	-0.027014652014652
sz000793	10.86	10.35	10.85	0.980392156862746	-0.0225806451612902
sz000800	9.89	9.57	9.89	1	-0.0161779575328614
sz000810	10.99	10.52	10.91	0.829787234042553	-0.0142071494042164
sz000813	9.09	8.5	8.81	0.52542372881356	-0.00170261066969357
sz000816	7.35	7.06	7.1	0.137931034482759	0.0147887323943663
sz000825	4.88	4.6	4.7	0.357142857142859	0.00851063829787235
sz000826	33.48	31.8	32.65	0.505952380952381	-0.000306278713629315
sz000829	11.05	10.65	10.73	0.2	0.0111835973904941
sz000830	9.6	7.5	8.9	0.666666666666667	-0.0393258426966292
sz000839	9.54	8.96	9.26	0.517241379310345	-0.0010799136069114
sz000848	9.58	9.32	9.47	0.576923076923079	-0.00211193241816277
sz000858	56.75	53.05	53.75	0.18918918918919	0.0213953488372092
sz000860	20.08	19.36	19.58	0.305555555555554	0.00715015321756907
sz000861	3.77	3.6	3.7	0.588235294117648	-0.00405405405405412
sz000869	35.37	33.68	34.17	0.289940828402368	0.0103892303189932
sz000876	8.33	8.14	8.18	0.21052631578947	0.006723716381418
sz000877	14.86	13.5	13.59	0.0661764705882352	0.0434142752023547
sz000878	16.26	13.99	15.26	0.559471365638766	-0.00884665792922668
sz000883	5.05	4.91	4.94	0.214285714285717	0.00809716599190291
sz000887	19.29	18.43	19.19	0.88372093023256	-0.0171964564877541
sz000895	21.8	20.78	20.95	0.166666666666665	0.0162291169451074
sz000897	4.3	4.15	4.27	0.799999999999998	-0.0105386416861827
sz000898	6.23	5.99	6.02	0.124999999999997	0.014950166112957
sz000917	10.52	10.08	10.48	0.909090909090911	-0.017175572519084
sz000919	10.62	10.29	10.56	0.818181818181822	-0.00994318181818199
sz000926	12.77	12.26	12.4	0.27450980392157	0.0092741935483871
sz000930	11.79	11.26	11.46	0.37735849056604	0.0056719022687608
sz000931	7.16	6.96	7.15	0.950000000000001	-0.0125874125874126
sz000937	7.28	6.65	6.79	0.222222222222222	0.0257731958762886
sz000938	55.2	52.3	54.9	0.89655172413793	-0.0209471766848816
sz000939	5.38	5.17	5.3	0.619047619047619	-0.00471698113207542
sz000959	7.65	7.3	7.32	0.0571428571428584	0.021174863387978
sz000960	15.31	14.4	14.95	0.604395604395603	-0.00635451505016715
sz000961	6.58	6.13	6.21	0.177777777777778	0.0233494363929148
sz000963	47.18	45.1	46.96	0.89423076923077	-0.0174616695059625
sz000969	9.84	9.15	9.6	0.652173913043478	-0.0109374999999998
sz000970	16.65	15.48	15.99	0.435897435897436	0.00469043151969961
sz000973	7.69	7.37	7.66	0.906249999999999	-0.0169712793733682
sz000975	13.86	13.33	13.47	0.264150943396228	0.00927988121752032
sz000977	16.67	15.22	16.67	1	-0.0434913017396521
sz000979	2	1.95	1.98	0.6	-0.00252525252525249
sz000981	9.73	9.49	9.53	0.166666666666663	0.00839454354669456
sz000983	10.52	9.51	9.73	0.217821782178218	0.0292908530318603
sz000987	12.42	11.88	12.22	0.62962962962963	-0.00572831423895259
sz000988	15.32	14.65	15.21	0.835820895522389	-0.0147928994082841
sz000989	18.73	18.35	18.62	0.710526315789474	-0.00429645542427504
sz000997	22.78	20.94	22.61	0.907608695652173	-0.033171163202123
sz000998	23.69	22.25	23.28	0.715277777777778	-0.0133161512027492
sz000999	29.3	27.68	28.12	0.271604938271606	0.013157894736842
sz001696	7.37	7.1	7.27	0.629629629629628	-0.00481430536451166
sz001979	20.32	19.12	19.7	0.483333333333332	0.00101522842639601
sz002001	19.96	19.02	19.76	0.787234042553193	-0.013663967611336
sz002002	8.68	8.11	8.29	0.31578947368421	0.0126658624849216
sz002004	8.12	7.91	8.09	0.85714285714286	-0.00927070457354751
sz002005	4.72	4.61	4.7	0.818181818181821	-0.00744680851063828
sz002007	28.74	27.81	28.46	0.698924731182798	-0.00650035137034444
sz002008	37.72	35.2	36.54	0.531746031746031	-0.00218938149972625
sz002010	15.17	14.82	15	0.514285714285714	-0.000333333333333297
sz002011	10.18	9.62	10.02	0.714285714285714	-0.0119760479041917
sz002018	7.15	6.86	7.11	0.862068965517241	-0.0147679324894514
sz002019	19.34	17.11	17.55	0.197309417040359	0.0384615384615385
sz002022	16.57	15.99	16.52	0.913793103448275	-0.0145278450363195
sz002024	10.88	10.41	10.75	0.723404255319148	-0.00976744186046519
sz002025	20.88	20.13	20.79	0.88	-0.0137085137085137
sz002027	9.08	8.58	9.05	0.940000000000001	-0.0243093922651935
sz002028	16.35	15.53	15.58	0.0609756097560983	0.0231065468549423
sz002029	9.37	9.12	9.37	1	-0.0133404482390609
sz002030	20.39	19.52	20	0.551724137931034	-0.00225000000000009
sz002032	38.5	35.96	36.81	0.334645669291339	0.0114099429502852
sz002038	26.45	25.3	26.18	0.765217391304348	-0.0116501145912911
sz002041	13.11	12.5	12.99	0.803278688524591	-0.0142417244033872
sz002044	16.27	15.6	15.75	0.223880597014926	0.0117460317460316
sz002048	20.7	19.5	20.53	0.858333333333335	-0.0209449585971748
sz002049	25.52	24.41	25.34	0.837837837837838	-0.0147987371744278
sz002050	17.57	15.82	16.17	0.200000000000001	0.0324675324675323
sz002051	22.97	21.44	21.84	0.261437908496731	0.0167124542124542
sz002056	9.63	8.05	9.13	0.683544303797468	-0.0317634173055861
sz002063	10.64	9.99	10.51	0.799999999999999	-0.0185537583254043
sz002064	5.42	4.95	5.26	0.659574468085106	-0.0142585551330797
sz002065	10.26	9.58	10.17	0.86764705882353	-0.0245821042281219
sz002073	9.23	8.61	9.08	0.758064516129032	-0.0176211453744494
sz002074	34.35	32.25	33.52	0.604761904761906	-0.00656324582338919
sz002078	8.74	7.96	8.12	0.205128205128204	0.0283251231527095
sz002081	10.93	10.56	10.74	0.486486486486487	0.000465549348231065
sz002085	17.14	16.02	16.9	0.785714285714284	-0.0189349112426036
sz002092	16.85	15.22	15.54	0.196319018404907	0.031853281853282
sz002093	9.05	8.13	8.84	0.771739130434782	-0.0282805429864253
sz002106	11.02	10.52	10.94	0.84	-0.0155393053016454
sz002118	6.65	6.5	6.65	1	-0.0112781954887218
sz002122	11.18	10.23	10.64	0.431578947368422	0.0061090225563909
sz002123	10.65	10.11	10.53	0.777777777777776	-0.0142450142450142
sz002131	3.12	3.03	3.11	0.888888888888887	-0.0112540192926044
sz002142	16.32	15.53	15.78	0.316455696202531	0.00918884664131814
sz002146	10.47	10.05	10.15	0.238095238095237	0.0108374384236454
sz002147	15.39	15.04	15.28	0.685714285714284	-0.00425392670157065
sz002152	8.08	7.65	8.04	0.906976744186044	-0.0217661691542287
sz002153	22.92	21.08	22.82	0.945652173913043	-0.0359333917616126
sz002155	10.6	10.11	10.25	0.285714285714287	0.0102439024390244
sz002161	11.49	10.14	11.15	0.748148148148148	-0.0300448430493273
sz002174	31.64	28.58	31.25	0.872549019607843	-0.0364800000000001
sz002176	11.14	10.31	10.63	0.385542168674699	0.00893697083725309
sz002179	35.96	33.75	34.76	0.457013574660632	0.00273302646720386
sz002180	23.8	21.17	22.95	0.676806083650189	-0.0202614379084968
sz002183	8.22	7.74	8.15	0.854166666666666	-0.0208588957055215
sz002190	26.99	25.74	26.91	0.936000000000001	-0.0202526941657377
sz002191	9.37	8.88	9.16	0.571428571428572	-0.00382096069868998
sz002194	7.98	7.61	7.91	0.81081081081081	-0.0145385587863465
sz002195	7.1	6.38	7.1	1	-0.0507042253521126
sz002202	14.97	14.53	14.65	0.272727272727274	0.00682593856655278
sz002217	9.61	8.86	9.59	0.973333333333334	-0.0370177267987487
sz002219	11.74	11.5	11.7	0.83333333333333	-0.0068376068376067
sz002221	12.05	11.36	11.91	0.797101449275362	-0.0172124265323258
sz002223	19.29	18.45	18.94	0.583333333333336	-0.00369588173178481
sz002230	49.17	43.47	49.14	0.994736842105263	-0.0573870573870574
sz002233	13.38	12.72	13.05	0.5	0
sz002236	25.44	23.12	23.69	0.245689655172414	0.0249050232165471
sz002238	10.93	10.38	10.81	0.781818181818183	-0.0143385753931544
sz002241	19.6	18.18	19.24	0.746478873239435	-0.018191268191268
sz002242	18.08	17.61	17.93	0.680851063829789	-0.00474065811489133
sz002244	6.91	6.7	6.82	0.571428571428572	-0.00219941348973618
sz002249	6.72	6.38	6.66	0.823529411764707	-0.0165165165165165
sz002250	14.04	13.54	13.78	0.48	0.000725689404934782
sz002251	12.22	11.9	12.18	0.874999999999997	-0.00985221674876846
sz002254	13.18	12.7	12.91	0.437500000000001	0.00232378001549183
sz002261	9.45	8.96	9.41	0.918367346938777	-0.0217853347502657
sz002266	4.73	4.61	4.71	0.83333333333333	-0.00849256900212314
sz002268	14.35	13.23	14.18	0.848214285714286	-0.0275035260930889
sz002269	3.78	3.66	3.77	0.916666666666668	-0.013262599469496
sz002271	38.32	35.77	36.25	0.188235294117646	0.0219310344827586
sz002273	22.97	21.22	22.89	0.954285714285715	-0.0347313237221495
sz002276	10.13	9.61	10.12	0.980769230769228	-0.0247035573122528
sz002277	6.47	6.16	6.4	0.774193548387098	-0.0132812500000001
sz002280	9.4	8.33	9.23	0.841121495327103	-0.0395449620801733
sz002281	19.75	17.53	19.5	0.887387387387387	-0.0441025641025641
sz002285	11.3	9.02	10.8	0.780701754385965	-0.0592592592592593
sz002292	14.93	13.6	14.72	0.842105263157895	-0.0309103260869565
sz002294	34.35	31.89	32.08	0.0772357723577226	0.032418952618454
sz002299	17.11	16	16.95	0.855855855855856	-0.0233038348082596
sz002304	88.23	85.05	85.63	0.182389937106917	0.0117949316828214
sz002308	13.51	12.88	13.42	0.857142857142857	-0.0167660208643815
sz002309	14.13	13.37	13.63	0.342105263157896	0.00880410858400582
sz002310	17.98	16.89	17.32	0.394495412844036	0.00663972286374137
sz002311	19.32	17.59	18.16	0.329479768786127	0.0162444933920705
sz002315	24.74	23.56	24.52	0.813559322033899	-0.0150897226753671
sz002317	11.66	11.39	11.62	0.851851851851848	-0.00817555938037851
sz002325	6.65	6.33	6.61	0.875	-0.0181543116490167
sz002327	8.28	8.03	8.23	0.800000000000004	-0.00911300121506697
sz002332	7.95	7.59	7.78	0.527777777777778	-0.00128534704370187
sz002340	7.09	6.28	6.84	0.691358024691358	-0.0226608187134502
sz002342	9.25	8.18	8.81	0.588785046728973	-0.0107832009080591
sz002344	8.12	7.9	8.09	0.863636363636366	-0.00988875154511748
sz002345	10.93	10.33	10.59	0.433333333333333	0.00377714825306885
sz002353	15.16	14.2	15.04	0.874999999999999	-0.023936170212766
sz002354	21.73	19.36	21.4	0.860759493670885	-0.0399532710280373
sz002358	16.24	15.41	15.76	0.421686746987952	0.00412436548223338
sz002368	26.86	24.65	26.5	0.83710407239819	-0.0281132075471698
sz002371	23.87	22.23	23.02	0.48170731707317	0.00130321459600347
sz002373	12.1	11.6	12.07	0.940000000000001	-0.0182270091135046
sz002375	8.82	8.25	8.5	0.43859649122807	0.00411764705882356
sz002384	24.8	23.5	24.77	0.976923076923076	-0.0250302785627776
sz002385	6.1	5.9	6.04	0.700000000000001	-0.00662251655629142
sz002390	8.3	8.02	8.16	0.5	0
sz002392	6.83	5.95	6.49	0.613636363636364	-0.0154083204930662
sz002396	19.23	17.52	19.01	0.871345029239767	-0.0334034718569175
sz002400	6.68	6.25	6.64	0.906976744186046	-0.026355421686747
sz002405	18.75	17.58	18.57	0.846153846153847	-0.0218093699515348
sz002407	27.09	24.57	26.08	0.599206349206349	-0.00958588957055218
sz002408	11.27	10.75	10.87	0.230769230769229	0.0128794848206073
sz002410	17.87	16.8	17.31	0.47663551401869	0.0014442518775275
sz002411	27.15	25.98	26.48	0.427350427350428	0.00320996978851951
sz002414	17.29	16.45	17.26	0.964285714285717	-0.0225955967555043
sz002415	31.06	29.21	29.98	0.416216216216216	0.00517011340893925
sz002416	10.45	9.87	10.43	0.965517241379311	-0.0258868648130393
sz002422	16.68	15.92	16.18	0.342105263157895	0.00741656365883814
sz002424	17.19	16.52	16.81	0.43283582089552	0.00267697798929212
sz002428	12.36	11.46	11.8	0.377777777777778	0.0093220338983051
sz002431	9.95	9.31	9.59	0.4375	0.00417101147028154
sz002437	7.15	6.7	7.13	0.955555555555554	-0.0287517531556801
sz002439	19.48	17.43	19.38	0.951219512195121	-0.0477296181630548
sz002440	17.53	16.41	17.12	0.633928571428572	-0.00876168224299079
sz002444	15.2	14.66	15.14	0.888888888888891	-0.0138705416116249
sz002450	22.05	18.9	19.56	0.209523809523809	0.0467791411042946
sz002456	19.66	18.3	18.93	0.463235294117647	0.00264131008980462
sz002460	63.89	57.85	60.18	0.385761589403973	0.0114656031904288
sz002463	4.57	4.33	4.49	0.666666666666667	-0.00890868596881955
sz002465	11.57	11.07	11.45	0.759999999999998	-0.0113537117903929
sz002466	69.86	60.6	62	0.151187904967602	0.0520967741935485
sz002470	8.26	7.81	8.06	0.555555555555557	-0.00310173697270477
sz002475	21.68	20.47	20.99	0.429752066115702	0.00404954740352559
sz002477	4.33	4.26	4.32	0.857142857142861	-0.00578703703703709
sz002479	11.37	11.02	11.31	0.828571428571432	-0.0101679929266136
sz002482	8.95	8.3	8.75	0.692307692307693	-0.0142857142857142
sz002489	6.57	6.15	6.37	0.523809523809523	-0.00156985871271587
sz002491	12.96	12.51	12.91	0.888888888888888	-0.0135553834237027
sz002493	11.21	10.67	10.77	0.185185185185184	0.0157845868152275
sz002498	3.64	3.58	3.64	1	-0.00824175824175821
sz002500	11.94	11.08	11.63	0.639534883720931	-0.0103181427343079
sz002503	7.17	6.86	7.1	0.774193548387096	-0.0119718309859154
sz002506	4.42	4.23	4.35	0.631578947368419	-0.00574712643678144
sz002508	43.43	39.97	40.6	0.182080924855492	0.0270935960591134
sz002512	16.78	15.5	16.67	0.914062500000001	-0.0317936412717457
sz002517	34.5	32.8	34	0.705882352941177	-0.0102941176470589
sz002544	19.86	18.9	19.38	0.5	0
sz002551	9.47	9.09	9.44	0.921052631578945	-0.0169491525423727
sz002555	25.2	22.02	24.94	0.918238993710692	-0.0533279871692062
sz002558	44.09	41.69	43.55	0.774999999999998	-0.0151549942594718
sz002563	7.98	7.78	7.94	0.8	-0.0075566750629722
sz002568	16.55	15.86	16.36	0.724637681159419	-0.00947432762836198
sz002572	42.15	38.85	39.4	0.166666666666666	0.0279187817258884
sz002573	17.41	16.84	17.25	0.719298245614035	-0.00724637681159424
sz002583	16.57	16.11	16.57	1	-0.0138805069402534
sz002588	7.58	6.77	7.58	1	-0.0534300791556729
sz002589	15.29	14.49	14.79	0.374999999999999	0.00676132521974315
sz002594	50.8	48.62	49.1	0.220183486238534	0.0124236252545824
sz002595	21.5	21.01	21.3	0.591836734693878	-0.00211267605633791
sz002601	19.78	17.82	18.61	0.403061224489795	0.0102095647501343
sz002602	36.38	34.4	35.08	0.343434343434343	0.00883694412770808
sz002603	16.72	16.32	16.53	0.525000000000004	-0.000604960677555999
sz002624	34.2	29.91	33.68	0.878787878787878	-0.0482482185273159
sz002635	35.7	33.3	35.38	0.866666666666667	-0.024872809496891
sz002640	19.79	18.19	19.5	0.81875	-0.0261538461538461
sz002642	18.86	17.42	18.62	0.833333333333334	-0.0257787325456499
sz002646	17.57	16.93	17.46	0.828125000000001	-0.0120274914089348
sz002657	27.8	25.62	27.4	0.816513761467889	-0.0251824817518247
sz002665	7.14	6.95	7.1	0.789473684210526	-0.00774647887323943
sz002670	15.74	14.97	15.35	0.493506493506493	0.000325732899022935
sz002672	15.34	14.74	15.23	0.816666666666668	-0.0124753775443205
sz002673	15.43	14.77	15.22	0.681818181818183	-0.00788436268068338
sz002681	11.55	11.01	11.39	0.703703703703704	-0.00965759438103597
sz002690	17.28	16.46	17.17	0.865853658536586	-0.0174723354688411
sz002698	11.05	10.51	10.96	0.833333333333334	-0.0164233576642335
sz002699	14.96	13.86	14.68	0.745454545454545	-0.0183923705722071
sz002707	12.44	11.35	12.3	0.871559633027524	-0.0329268292682928
sz002714	29.33	27.55	27.82	0.151685393258427	0.0222861250898634
sz002727	18.87	18.16	18.83	0.943661971830982	-0.0167286245353159
sz002736	14.43	13.8	14.25	0.714285714285714	-0.0094736842105263
sz002745	38.4	35.95	37.42	0.600000000000001	-0.00654730090860511
sz002773	51.34	49.01	50.04	0.442060085836909	0.00269784172661858
sz002797	9.5	8.45	9.21	0.723809523809525	-0.0255157437567862
sz002807	11.38	10.74	11.14	0.625	-0.00718132854578102
sz002815	30.15	28.42	29.81	0.803468208092485	-0.0176115397517611
sz300001	15.94	15.01	15.69	0.731182795698925	-0.0137029955385596
sz300002	7.13	6.75	7.13	1	-0.026647966339411
sz300003	21.37	19.79	20.58	0.499999999999999	0
sz300010	12.28	10.93	12.12	0.881481481481481	-0.0424917491749174
sz300015	22.69	21.86	22.57	0.855421686746987	-0.0130704474966771
sz300017	10.59	9.6	10.42	0.828282828282828	-0.0311900191938581
sz300024	20.22	18.71	20.1	0.920529801324505	-0.0315920398009951
sz300026	4.54	4.33	4.5	0.809523809523809	-0.0144444444444444
sz300027	9.75	8.1	9.69	0.963636363636363	-0.0789473684210525
sz300032	15.47	14.8	15.26	0.686567164179103	-0.00819134993446913
sz300033	51.93	47.58	51.06	0.800000000000001	-0.0255581668625148
sz300039	7.55	6.98	7.45	0.824561403508772	-0.0248322147651007
sz300043	8.27	7.18	8.08	0.825688073394496	-0.0439356435643565
sz300055	17.39	16.46	17.27	0.870967741935483	-0.019976838448176
sz300058	7.42	6.87	7.33	0.836363636363637	-0.0252387448840383
sz300059	11.69	10.64	11.56	0.876190476190477	-0.0341695501730105
sz300070	17.56	16.75	17.49	0.91358024691358	-0.0191538021726699
sz300072	32.39	30.42	31.94	0.771573604060914	-0.0167501565435191
sz300085	15.77	14.71	15.6	0.839622641509434	-0.023076923076923
sz300113	20.38	17.7	20.1	0.895522388059702	-0.0527363184079603
sz300115	33.91	31.85	32.1	0.121359223300971	0.0242990654205606
sz300116	11.5	10.65	11.3	0.764705882352942	-0.0199115044247788
sz300122	19.78	18.71	19.78	1	-0.0270475227502528
sz300124	25.82	24.48	25.58	0.820895522388058	-0.0168100078186083
sz300133	11.54	9.71	11.48	0.967213114754099	-0.0744773519163764
sz300136	40.09	37.92	38.36	0.202764976958524	0.0168143899895725
sz300144	20.17	18.82	19.94	0.829629629629629	-0.0223169508525577
sz300146	14.26	12.66	14.15	0.93125	-0.0487632508833922
sz300147	9.76	9.31	9.69	0.844444444444444	-0.0159958720330237
sz300159	12.25	11.15	11.71	0.50909090909091	-0.000853970964987294
sz300166	13.72	12.09	13.72	1	-0.059402332361516
sz300168	13.48	12.06	13.48	1	-0.0526706231454006
sz300182	9.42	8.87	9.4	0.963636363636365	-0.0271276595744682
sz300199	15.1	14.4	15.05	0.92857142857143	-0.0199335548172758
sz300202	17.53	16.6	17.48	0.946236559139784	-0.023741418764302
sz300244	27.88	26.4	27.81	0.952702702702703	-0.0240920532182668
sz300251	8.99	7.95	8.91	0.923076923076923	-0.0493827160493827
sz300253	7.3	6.56	7.3	1	-0.0506849315068494
sz300257	19.99	19.17	19.98	0.987804878048783	-0.0200200200200201
sz300266	28.7	27.16	28.5	0.870129870129871	-0.02
sz300273	10.44	9.91	10.33	0.79245283018868	-0.0150048402710551
sz300274	11.88	11.11	11.7	0.766233766233765	-0.0175213675213673
sz300287	8.65	8.08	8.5	0.736842105263157	-0.0158823529411765
sz300296	17.68	16.11	17.28	0.745222929936307	-0.0222800925925927
sz300297	11.1	10.31	11.05	0.936708860759495	-0.0312217194570137
sz300315	7.85	7.02	7.79	0.927710843373494	-0.0455712451861361
sz300324	15.8	15.04	15.64	0.789473684210527	-0.0140664961636829
sz300383	12.36	11.3	12.29	0.933962264150943	-0.0374288039056142
sz300408	23.76	22.11	22.59	0.290909090909091	0.0152722443559099
sz300418	25.44	19.94	25.44	1	-0.10809748427673
sz300433	33.43	29.9	31.22	0.373937677053824	0.0142536835361948
sz300496	28.7	25.09	28.12	0.839335180055402	-0.0435633001422475
sz300498	20.94	19.71	20.7	0.804878048780486	-0.0181159420289854
sz300529	28.1	26.41	27.89	0.875739644970414	-0.0227680172104696
sz399001	10421.21	10216.02	10395.19	0.873190701301239	-0.00736638772355303
sz399006	1742.92	1674.22	1742.19	0.989374090247452	-0.0192975507837836
