sh000001	上证指数	0.00376117902114337	0.0000118507772108854	240	1.09301636335925	0.00001185078
sh000016	上证50	-0.000833713820662774	0.0000209352204577628	240	-0.181845100121659	0.00002093522
sh000300	沪深300	0.00245476006079925	0.0000117781600725848	240	0.714540817450803	0.00001177816
sh000905	中证500	0.00779752894221053	0.0000155885588426468	240	1.98703413391862	0.00001558856
sh510050	50ETF	-0.00110149704290308	0.0000488369119867344	240	-0.157298668690069	0.00004883691
sh600000	浦发银行	0.000855604315691538	0.000111856946799794	240	0.0807310753152584	0.00011185695
sh600006	东风汽车	0.00853502479993895	0.000361812584121962	240	0.447959267885186	0.00036181258
sh600008	首创股份	0.00178692861730256	0.000663963424200956	240	0.0692042564656831	0.00066396342
sh600009	上海机场	0.00552775147080353	0.000232962115614414	240	0.361507984487468	0.00023296212
sh600010	包钢股份	0.0229362135580911	0.00142636659667179	240	0.606503664756383	0.00142636660
sh600011	华能国际	-0.00255384737261977	0.000471494483383443	240	-0.117371451793503	0.00047149448
sh600012	皖通高速	-0.00066799549417329	0.000148239182310993	240	-0.0547504988841739	0.00014823918
sh600015	华夏银行	-0.00418990845420564	0.000158060423913063	240	-0.332649448095561	0.00015806042
sh600016	民生银行	-0.00236743808801254	0.000143172711227093	240	-0.197459147470892	0.00014317271
sh600017	日照港	0.00467545375514178	0.000579063459571401	240	0.193904627479867	0.00057906346
sh600018	上港集团	0.00486516685019966	0.000377246748803202	240	0.249997169978953	0.00037724675
sh600019	宝钢股份	0.0328322859435881	0.000659729624854691	240	1.27995549838464	0.00065972962
sh600021	上海电力	-0.00855892504586808	0.000153379913985232	240	-0.690336548621278	0.00015337991
sh600022	山东钢铁	0.0174353187714044	0.00181195681493992	240	0.408884970619065	0.00181195681
sh600023	浙能电力	0.00574255124349021	0.000486103871795878	240	0.259953133625667	0.00048610387
sh600026	中远海能	0.00606503943807313	0.000295849539094318	240	0.351968693509295	0.00029584954
sh600027	华电国际	-0.00191463697645955	0.00055196750025084	240	-0.0813259278821567	0.00055196750
sh600028	中国石化	0.0102478808029112	0.000462431586019672	240	0.475783332802353	0.00046243159
sh600029	南方航空	-0.014022465295402	0.000492875348284053	240	-0.630827201046714	0.00049287535
sh600030	中信证券	0.00662338350158254	0.000116309144267601	240	0.613349241600665	0.00011630914
sh600031	三一重工	0.0134825817230074	0.00024956852888338	240	0.852965576969932	0.00024956853
sh600036	招商银行	-0.00457178252094925	0.000320029643486154	240	-0.255060312853554	0.00032002964
sh600037	歌华有线	0.00559520316741957	0.000209072965477177	240	0.386274263920082	0.00020907297
sh600038	中直股份	-0.00835954538903161	0.00019884336148615	240	-0.59202310017581	0.00019884336
sh600039	四川路桥	0.013619213271079	0.000512060121434572	240	0.601053123053746	0.00051206012
sh600048	保利地产	0.00605596711066836	0.000218994606251774	240	0.40851847639635	0.00021899461
sh600050	中国联通	0	0	240	NA	0.00000000000
sh600053	九鼎投资	0.0210206632236856	0.00021135735508912	240	1.44920859476893	0.00021135736
sh600056	中国医药	-0.010940787999696	0.000482683443347479	240	-0.497204698544264	0.00048268344
sh600058	五矿发展	0.00162598483120402	0.00042642785394692	240	0.0785764939105614	0.00042642785
sh600059	古越龙山	0.0137135137593419	0.000215798172034608	240	0.93327173775249	0.00021579817
sh600060	海信电器	-0.00265672387579585	0.000173488719062772	240	-0.20129868654135	0.00017348872
sh600061	国投安信	0.0000856592424354208	0.000171482611150913	240	0.00652766042024791	0.00017148261
sh600062	华润双鹤	0.0223425862929854	0.000628806075351098	240	0.890610638885828	0.00062880608
sh600064	南京高科	0.0135564863614238	0.000111620266869818	240	1.28488352524445	0.00011162027
sh600066	宇通客车	-0.0039560296167227	0.000323955884343889	240	-0.219358082638987	0.00032395588
sh600067	冠城大通	0.0170513954717947	0.000357680657452721	240	0.901243720429883	0.00035768066
sh600068	葛洲坝	-0.00271374711041039	0.000240923300564335	240	-0.174482132366228	0.00024092330
sh600073	上海梅林	-0.00192036628782832	0.000274512036659809	240	-0.115666837672352	0.00027451204
sh600074	保千里	0	0	240	NA	0.00000000000
sh600079	人福医药	0.00373903134206133	0.0000960302643970283	240	0.38087295317617	0.00009603026
sh600085	同仁堂	0.0022333611206411	0.00018214042646759	240	0.165148215492782	0.00018214043
sh600086	东方金钰	0.0154583995987203	0.000299548773032073	240	0.892785377395273	0.00029954877
sh600088	中视传媒	0.0153747320199014	0.000455532691543801	240	0.719633083941454	0.00045553269
sh600089	特变电工	0.00107663494888377	0.000148261829225966	240	0.0882377041909053	0.00014826183
sh600094	大名城	0.000118995439188474	0.000237972315708532	240	0.00769769113510539	0.00023797232
sh600098	广州发展	-0.00636990547837368	0.000461411658939778	240	-0.295979488187886	0.00046141166
sh600100	同方股份	0	0	240	NA	0.00000000000
sh600104	上汽集团	0.00350402648722248	0.000158799395907471	240	0.277527647873275	0.00015879940
sh600108	亚盛集团	0.00912087276113138	0.000503476230367181	240	0.40577920871307	0.00050347623
sh600109	国金证券	0.00443361728517244	0.000160206161842328	240	0.349641493217149	0.00016020616
sh600111	北方稀土	0.00859595644580036	0.000865625251492795	240	0.291608261669196	0.00086562525
sh600112	*ST天成	0.0142441632853219	0.00047718270088326	240	0.651287852097953	0.00047718270
sh600115	东方航空	-0.0304240059495136	0.000608597560466637	240	-1.23459663334881	0.00060859756
sh600118	中国卫星	-0.00173697374805049	0.000145934271820459	240	-0.143491654473077	0.00014593427
sh600120	浙江东方	0.0118699946153565	0.000286082592686528	240	0.701042262964931	0.00028608259
sh600122	宏图高科	-0.00183343804880332	0.000168186861602678	240	-0.141085252737297	0.00016818686
sh600125	铁龙物流	0.0560349922820709	0.00345984846504956	240	0.952460074244538	0.00345984847
sh600126	杭钢股份	0.0239354873117773	0.000375585634524023	240	1.23641893461879	0.00037558563
sh600138	中青旅	0.0107894975381713	0.000209303289797651	240	0.745092754169253	0.00020930329
sh600141	兴发集团	0.0252881197594139	0.000930237268245185	240	0.828582741026143	0.00093023727
sh600143	金发科技	0.00716131770184913	0.000336643700117006	240	0.389617901852772	0.00033664370
sh600150	中国船舶	-0.0259606857927169	0.000383629469720575	240	-1.32754382352837	0.00038362947
sh600151	航天机电	0.00408279647853627	0.000613568764456986	240	0.164491712519943	0.00061356876
sh600153	建发股份	-0.00370232864047404	0.000392744199910122	240	-0.186442529498353	0.00039274420
sh600157	永泰能源	0.0085920921253485	0.000902310132157474	240	0.28548834057748	0.00090231013
sh600158	中体产业	0.0173592981840323	0.000284793501900928	240	1.02877389615911	0.00028479350
sh600160	巨化股份	0.00775143365858177	0.000229176057900755	240	0.511243835043107	0.00022917606
sh600161	天坛生物	-0.00276875118575226	0.00022359494589962	240	-0.184789500101836	0.00022359495
sh600166	福田汽车	0.000510551643020274	0.0010212674218226	240	0.0159427596781886	0.00102126742
sh600169	太原重工	0.0181354953241176	0.000692186346151156	240	0.688559658630699	0.00069218635
sh600170	上海建工	-0.00485670495661494	0.000676203308829885	240	-0.186392300287835	0.00067620331
sh600171	上海贝岭	0.00726085770281915	0.000723633950441566	240	0.269393873879142	0.00072363395
sh600175	美都能源	0.0205120822138846	0.000799824977410372	240	0.724572882297777	0.00079982498
sh600176	中国巨石	-0.0101144223031772	0.000438517411489347	240	-0.482227718117306	0.00043851741
sh600177	雅戈尔	-0.00482864226619073	0.000141831261984056	240	-0.404744696043355	0.00014183126
sh600180	瑞茂通	0.013005374937924	0.000222536109848027	240	0.871374276511806	0.00022253611
sh600183	生益科技	0.0367710076685954	0.00050082451585929	240	1.6489694324649	0.00050082452
sh600184	光电股份	-0.0133942131170127	0.00071436177129555	240	-0.500355614397866	0.00071436177
sh600187	国中水务	-0.00189953192969516	0.000516086316056664	240	-0.0834420723526517	0.00051608632
sh600188	兖州煤业	0.0127642365272292	0.000371173130879971	240	0.661755291887049	0.00037117313
sh600195	中牧股份	0.00185034090313496	0.000525105563105763	240	0.0805800752553226	0.00052510556
sh600196	复星医药	0.012061547481112	0.000210563054030771	240	0.830675308806245	0.00021056305
sh600198	大唐电信	-0.0155811624459161	0.00158451754871988	240	-0.390735912448482	0.00158451755
sh600200	江苏吴中	0.0265460914318174	0.000380840368007292	240	1.36270889652591	0.00038084037
sh600201	生物股份	0.00894469248221375	0.000319856665566134	240	0.499352785399632	0.00031985667
sh600208	新湖中宝	0.00727848636567252	0.000619661879850546	240	0.291832985393883	0.00061966188
sh600216	浙江医药	-0.00560118387203479	0.000258986065964867	240	-0.347411820956313	0.00025898607
sh600219	南山铝业	0.0316383923214049	0.00109596562563491	240	0.955514358134948	0.00109596563
sh600220	江苏阳光	0.00918509913930843	0.000902991056474634	240	0.305084401244553	0.00090299106
sh600221	海南航空	0.000496429862436476	0.000992753486679154	240	0.0157228308439867	0.00099275349
sh600233	圆通速递	-0.00577662225746645	0.000214657485363368	240	-0.39358177266316	0.00021465749
sh600236	桂冠电力	0.00197175074403944	0.000297197034288961	240	0.114139231364498	0.00029719703
sh600240	华业资本	0.0067418416560785	0.000282449825016813	240	0.400448683970142	0.00028244983
sh600251	冠农股份	-0.00795227792256026	0.000872440019543859	240	-0.268709290819276	0.00087244002
sh600252	中恒集团	0.00279285663613515	0.000701777323537519	240	0.105208871858788	0.00070177732
sh600256	广汇能源	0.00722041644567162	0.000503520339170301	240	0.321174286714657	0.00050352034
sh600259	广晟有色	0.00295398826798987	0.000349208425973701	240	0.157754715071656	0.00034920843
sh600260	凯乐科技	0.0028538419466877	0.000392109697976445	240	0.143826280269414	0.00039210970
sh600266	北京城建	0.0330564932201336	0.000579018834170897	240	1.37631557838032	0.00057901883
sh600267	海正药业	-0.00369245501617144	0.000364245165680423	240	-0.193083656412052	0.00036424517
sh600270	外运发展	0.0101339132186461	0.000367476684390278	240	0.527847678644247	0.00036747668
sh600271	航天信息	-0.0059408586641515	0.000282979949337381	240	-0.352514993097	0.00028297995
sh600276	恒瑞医药	0.0197903628519996	0.000143415511476829	240	1.65857106721452	0.00014341551
sh600277	亿利洁能	0	0	240	NA	0.00000000000
sh600280	中央商场	0.018207365626934	0.000470305326846178	240	0.83905261024056	0.00047030533
sh600282	南钢股份	0.0511196029396275	0.00105094798890856	240	1.58180042685022	0.00105094799
sh600284	浦东建设	0.00287975942679164	0.000262547232399458	240	0.177367643836228	0.00026254723
sh600289	亿阳信通	0.0289656712844727	0.00201400824579044	240	0.644649355236424	0.00201400825
sh600291	西水股份	-0.00330678906217685	0.000589255379236237	240	-0.135945499532427	0.00058925538
sh600292	远达环保	-0.00558775987466631	0.00018824192300635	240	-0.40655847034111	0.00018824192
sh600297	广汇汽车	0.0055099373364329	0.000252733472313219	240	0.345953174797994	0.00025273347
sh600298	安琪酵母	0.015414727429211	0.000244167016564238	240	0.986433852012515	0.00024416702
sh600299	安迪苏	0.0166573100962902	0.000371994320431079	240	0.863189126651541	0.00037199432
sh600300	维维股份	0.00923795984582898	0.000376341476609454	240	0.475426761387797	0.00037634148
sh600307	酒钢宏兴	0.013359573304018	0.00115991728977191	240	0.391572037031814	0.00115991729
sh600309	万华化学	0.000741313227067608	0.000324104708939991	240	0.0410916842635269	0.00032410471
sh600312	平高电气	0.00588929428480511	0.00013614001710843	240	0.503957966392326	0.00013614002
sh600315	上海家化	-0.00276609233400193	0.00020123690991915	240	-0.194598991960187	0.00020123691
sh600316	洪都航空	-0.00362808498369005	0.00036710915522568	240	-0.188975549714115	0.00036710916
sh600317	营口港	0.000445841497695998	0.000891776340470553	240	0.0148986201355359	0.00089177634
sh600320	振华重工	-0.00858689056094497	0.0005098725088785	240	-0.379602743528065	0.00050987251
sh600325	华发股份	-0.00484021230184484	0.00029464632821688	240	-0.281435693101165	0.00029464633
sh600329	中新药业	-0.00798270621189379	0.000595582183503426	240	-0.326489677165033	0.00059558218
sh600332	白云山	0.00492823865247427	0.00017859872349952	240	0.368102663878621	0.00017859872
sh600335	国机汽车	-0.0238115840275975	0.000681265565472665	240	-0.911964054239759	0.00068126557
sh600338	西藏珠峰	-0.00463063509274053	0.000660433006459519	240	-0.179824508336112	0.00066043301
sh600340	华夏幸福	-0.00488701406353087	0.000313675981123253	240	-0.275400792518732	0.00031367598
sh600346	恒力股份	0.0103147503247851	0.000630049483923096	240	0.41022068943024	0.00063004948
sh600348	阳泉煤业	0.0180581014317555	0.000355536183864492	240	0.957535670656754	0.00035553618
sh600350	山东高速	0.0130092508277472	0.000294663986775336	240	0.75718564350005	0.00029466399
sh600351	亚宝药业	0.0186347199570575	0.000254281068848258	240	1.16949482900639	0.00025428107
sh600352	浙江龙盛	0.0047088909612748	0.000247641305023575	240	0.298663018642823	0.00024764131
sh600362	江西铜业	0.0283044207248608	0.000298326640505245	240	1.64454217856053	0.00029832664
sh600366	宁波韵升	0.00649836362060319	0.000365129186388934	240	0.33945228052766	0.00036512919
sh600369	西南证券	-0.00153408019966628	0.000371157390341287	240	-0.0794635704701301	0.00037115739
sh600372	中航电子	0.00433794122636166	0.000384591014168369	240	0.220760668973074	0.00038459101
sh600373	中文传媒	0.00879546303453704	0.000324914710502334	240	0.487172628280662	0.00032491471
sh600376	首开股份	-0.00789959280897834	0.000236526185328995	240	-0.512858153493355	0.00023652619
sh600377	宁沪高速	0.00428825414055023	0.000199559069905575	240	0.302985259402562	0.00019955907
sh600380	健康元	-0.0127720455987639	0.000599623535352096	240	-0.520787721073739	0.00059962354
sh600383	金地集团	-0.0041444739646439	0.000335360958548368	240	-0.225867029684524	0.00033536096
sh600388	龙净环保	0.00639357791623119	0.000142228351308956	240	0.535308824192318	0.00014222835
sh600392	盛和资源	0.0211813137925726	0.00103430573314161	240	0.657831365668245	0.00103430573
sh600395	盘江股份	0.0150850216640074	0.000281645598245529	240	0.898504055310864	0.00028164560
sh600397	安源煤业	0.00875692570870923	0.000564966795942345	240	0.367753127306673	0.00056496680
sh600398	海澜之家	0.00656261918995316	0.000249682467801243	240	0.414603183229879	0.00024968247
sh600406	国电南瑞	-0.00846783103160176	0.00029095422660476	240	-0.495651324210515	0.00029095423
sh600409	三友化工	0.0180640389198493	0.000354872637394278	240	0.958750241802497	0.00035487264
sh600410	华胜天成	0.00131310438916465	0.000448750208820811	240	0.0618576942007817	0.00044875021
sh600415	小商品城	0.00433832197417416	0.000231857784312878	240	0.284366038211846	0.00023185778
sh600416	湘电股份	-0.00522949698718067	0.000314385188420574	240	-0.294375001876267	0.00031438519
sh600418	江淮汽车	0.00215266396661928	0.000142992746095478	240	0.179656068141822	0.00014299275
sh600422	昆药集团	0.00471569127741833	0.000167945378756477	240	0.363223970437789	0.00016794538
sh600425	*ST青松	0.0241312599251761	0.000829796499374921	240	0.837188774318943	0.00082979650
sh600426	华鲁恒升	0.000996185180165421	0.000199452643101799	240	0.0703911418441489	0.00019945264
sh600428	中远海特	-0.00249918780927749	0.000503597541380094	240	-0.111137761406842	0.00050359754
sh600433	冠豪高新	-0.0126867315297018	0.000474901170913564	240	-0.58136425155982	0.00047490117
sh600435	北方导航	0.00918504610398874	0.000270538601648041	240	0.557625185712416	0.00027053860
sh600436	片仔癀	0.00488127547209005	0.0000911936785910778	240	0.510364910284433	0.00009119368
sh600438	通威股份	0.0233547684758318	0.000862414323552155	240	0.794664680423651	0.00086241432
sh600446	金证股份	-0.00704526257914795	0.000447370422980595	240	-0.33247369351049	0.00044737042
sh600458	时代新材	0.00109567692310086	0.000490302367502971	240	0.0493794291039398	0.00049030237
sh600460	士兰微	0.00794098511989871	0.000602965881219846	240	0.322786963808086	0.00060296588
sh600466	蓝光发展	-0.00196909849502036	0.000461688036829684	240	-0.0914521790276599	0.00046168804
sh600468	百利电气	0	0	240	NA	0.00000000000
sh600478	科力远	0.00254843958418249	0.000494207346926109	240	0.114399720530745	0.00049420735
sh600481	双良节能	-0.00966870369669903	0.000642492059319405	240	-0.380767073201458	0.00064249206
sh600482	中国动力	-0.00793824164405665	0.000487153908912515	240	-0.359005926392821	0.00048715391
sh600483	福能股份	0.0011406416792612	0.000188194936837588	240	0.0829745401127768	0.00018819494
sh600485	信威集团	0	0	240	NA	0.00000000000
sh600487	亨通光电	0.0089741965197726	0.000389382866327624	240	0.454033296599543	0.00038938287
sh600489	中金黄金	-0.0243958323626565	0.000591969146786238	240	-1.00269995781888	0.00059196915
sh600496	精工钢构	0.0556930631579908	0.00413917547511071	240	0.86520013594342	0.00413917548
sh600497	驰宏锌锗	0.0264172845481837	0.00133208869959963	240	0.723085176551093	0.00133208870
sh600498	烽火通信	-0.0164308887824549	0.000777872909267121	240	-0.588320943456307	0.00077787291
sh600499	科达洁能	0.0355359285250824	0.000813251677122121	240	1.24755012506251	0.00081325168
sh600500	中化国际	0.0086265107860094	0.000655767064668798	240	0.336245435810411	0.00065576706
sh600503	华丽家族	-0.00261995264450632	0.000292556335054909	240	-0.152863305801208	0.00029255634
sh600511	国药股份	0.00546963307935722	0.000292973181052818	240	0.3189554305228	0.00029297318
sh600515	海航基础	-0.00317314159573234	0.0015184300940746	240	-0.0812627247602812	0.00151843009
sh600516	方大炭素	0.0383805045368631	0.00135749646963691	240	1.04188236480537	0.00135749647
sh600517	置信电气	0.011233669180915	0.000367936395721562	240	0.584842775757629	0.00036793640
sh600518	康美药业	0.00580454144126941	0.000186106959860334	240	0.424760184829508	0.00018610696
sh600519	贵州茅台	0.00359202640216372	0.000106479890669575	240	0.347463120406516	0.00010647989
sh600521	华海药业	0.0278722612432413	0.00022768457978602	240	1.85655577716829	0.00022768458
sh600522	中天科技	0.00712316762443588	0.000235859483923424	240	0.463057103779064	0.00023585948
sh600525	长园集团	0.00402202613216152	0.00108346266773314	240	0.121939595787661	0.00108346267
sh600528	中铁工业	-0.00744987411830078	0.0002780585189244	240	-0.446020511309743	0.00027805852
sh600535	天士力	-0.00565508358944977	0.000079987646160546	240	-0.631513942091665	0.00007998765
sh600536	中国软件	-0.0150813717451763	0.000388223790486079	240	-0.764757652597183	0.00038822379
sh600537	亿晶光电	0.000227609867999523	0.000455288679077057	240	0.0106448879347694	0.00045528868
sh600545	新疆城建	0.00192627512957722	0.0001795246327781	240	0.143472387352032	0.00017952463
sh600547	山东黄金	0.00616342017926563	0.000201829324370893	240	0.433105136473997	0.00020182932
sh600549	厦门钨业	0.0235389446013582	0.00063125969418156	240	0.936638280966322	0.00063125969
sh600551	时代出版	0.00615191424072747	0.000170355095374509	240	0.470573143056114	0.00017035510
sh600557	康缘药业	0.00258129487756198	0.000112074421791943	240	0.243350080164553	0.00011207442
sh600563	法拉电子	0.0125253018358493	0.00037175463087351	240	0.648836833785965	0.00037175463
sh600565	迪马股份	0.00590573272064054	0.000306175128813556	240	0.336887777411002	0.00030617513
sh600566	济川药业	0.0272114959731298	0.000578059191134394	240	1.13245688198951	0.00057805919
sh600570	恒生电子	0.00656338315994498	0.000824322837529984	240	0.228149599006959	0.00082432284
sh600572	康恩贝	-0.00407218222274586	0.000372481788136523	240	-0.210575720591871	0.00037248179
sh600575	皖江物流	0.0414847195417255	0.00115946859772301	240	1.21954860617913	0.00115946860
sh600578	京能电力	0.0426694045736704	0.00239847724329716	240	0.870823250419986	0.00239847724
sh600580	卧龙电气	0.00286512269380101	0.000332125996260533	240	0.156894414607113	0.00033212600
sh600582	天地科技	0.0045727003726137	0.000598473129930092	240	0.186541455140005	0.00059847313
sh600583	海油工程	0.00960123613492603	0.000452503566861548	240	0.450602790230092	0.00045250357
sh600584	长电科技	0.00516191931555543	0.000292552308590506	240	0.301220967423783	0.00029255231
sh600585	海螺水泥	0.0219563169158602	0.000199851182523324	240	1.55773295073765	0.00019985118
sh600586	金晶科技	0.00792661011615803	0.000615515331511153	240	0.318899448343746	0.00061551533
sh600587	新华医疗	0.00498917750837058	0.000123459671322328	240	0.448272632278109	0.00012345967
sh600588	用友网络	0.0250846659126468	0.00304037406216131	240	0.454177355201555	0.00304037406
sh600594	益佰制药	-0.0310783817570593	0.000280030259621884	240	-1.86677771500414	0.00028003026
sh600596	新安股份	0.0262283873849454	0.00155889541905406	240	0.663523132815395	0.00155889542
sh600597	光明乳业	0.0119646261361717	0.000223009729599597	240	0.800593615802026	0.00022300973
sh600600	青岛啤酒	0.00127896960780238	0.0000834734700724272	240	0.139700207470001	0.00008347347
sh600601	方正科技	0.0132645715019606	0.000722535854540699	240	0.492694022453409	0.00072253585
sh600606	绿地控股	0.00543770183696946	0.000237125050461748	240	0.352478680386689	0.00023712505
sh600611	大众交通	0.000210900637878431	0.000421873641311335	240	0.0102466080151598	0.00042187364
sh600612	老凤祥	-0.0102917061452554	0.000231109782428297	240	-0.676217812059736	0.00023110978
sh600614	鹏起科技	0.00817412645083537	0.000488205836824618	240	0.369281084165904	0.00048820584
sh600618	氯碱化工	0.0010589840704176	0.000436853508244427	240	0.0505611759006668	0.00043685351
sh600623	华谊集团	-0.00393310839013761	0.000450158206498091	240	-0.185002566376699	0.00045015821
sh600628	新世界	-0.00651216273262556	0.0001770174654811	240	-0.488683170116437	0.00017701747
sh600633	浙数文化	-0.00250097326087428	0.000213188861307601	240	-0.170941169403789	0.00021318886
sh600635	大众公用	0.000218040324723834	0.000436082542607506	240	0.0104194764592694	0.00043608254
sh600637	东方明珠	0.00293644711941843	0.000142277604732927	240	0.245698260864585	0.00014227760
sh600639	浦东金桥	0.00566346026677245	0.000116132438506328	240	0.524745171850687	0.00011613244
sh600640	号百控股	-0.00828804227044999	0.00160282955064376	240	-0.206604794596287	0.00160282955
sh600642	申能股份	0.00505928791401011	0.000402001105911453	240	0.251841163931432	0.00040200111
sh600643	爱建集团	-0.00979991746122655	0.000500743369178293	240	-0.437201599965666	0.00050074337
sh600645	中源协和	0.0562481190521584	0.00052603835752265	240	2.47858469407998	0.00052603836
sh600648	外高桥	0.00239087670938254	0.000340751483143464	240	0.129254839375078	0.00034075148
sh600649	城投控股	-0.00279324046508134	0.000174478466992391	240	-0.211043120227701	0.00017447847
sh600651	飞乐音响	-0.00770434256827779	0.000242595878371665	240	-0.493865506966235	0.00024259588
sh600654	中安消	0	0	240	NA	0.00000000000
sh600655	豫园商城	0	0	240	NA	0.00000000000
sh600657	信达地产	0.00554392007387017	0.000383256209486963	240	0.282643017272802	0.00038325621
sh600660	福耀玻璃	0.000905333535835884	0.00012290770046536	240	0.0814926470330549	0.00012290770
sh600663	陆家嘴	0.00463918849047285	0.000279642472378101	240	0.276887548972418	0.00027964247
sh600664	哈药股份	0.00361754395216474	0.000397501986867864	240	0.181078664779867	0.00039750199
sh600666	奥瑞德	0	0	240	NA	0.00000000000
sh600673	东阳光科	0	0	240	NA	0.00000000000
sh600674	川投能源	-0.000956112118536745	0.000125464304568556	240	-0.085182160897696	0.00012546430
sh600682	南京新百	-0.00349588898208664	0.00020066102757401	240	-0.24630575457764	0.00020066103
sh600685	中船防务	-0.0204845626526162	0.000512439794500801	240	-0.904567038007692	0.00051243979
sh600687	刚泰控股	-0.003769601746757	0.000156088625625899	240	-0.301151864094476	0.00015608863
sh600688	上海石化	0.000212284091643755	0.000424607298007816	240	0.0102805689043525	0.00042460730
sh600690	青岛海尔	0.0161089704427504	0.000192872816491199	240	1.16077048317961	0.00019287282
sh600694	大商股份	0.00674538138354563	0.000140346463657879	240	0.568581374849498	0.00014034646
sh600699	均胜电子	-0.0061626099908596	0.000417301417459683	240	-0.30110324863899	0.00041730142
sh600703	三安光电	-0.00431542203234303	0.000384931095196413	240	-0.219517366495576	0.00038493110
sh600704	物产中大	-0.00793486985730185	0.000302797007604358	240	-0.455245399263654	0.00030279701
sh600705	中航资本	0.012074839534331	0.000440972437146613	240	0.574206805090685	0.00044097244
sh600715	文投控股	0	0	240	NA	0.00000000000
sh600717	天津港	-0.00746258101753983	0.000261515202114877	240	-0.460708981412094	0.00026151520
sh600718	东软集团	0.0105399678137419	0.000799952938906595	240	0.371985558731657	0.00079995294
sh600720	祁连山	0.0482624999470669	0.000851535318297829	240	1.65993444303561	0.00085153532
sh600729	重庆百货	0.000112134218781756	0.000224286476258631	240	0.00747188188839548	0.00022428648
sh600736	苏州高新	-0.00935246703344239	0.000381709662554392	240	-0.477925681235992	0.00038170966
sh600737	中粮糖业	-0.0169515725474039	0.00171301543970807	240	-0.408859894437947	0.00171301544
sh600739	辽宁成大	0.00167368698238046	0.0000997572197690159	240	0.167232548289909	0.00009975722
sh600741	华域汽车	0.0310146555346125	0.000367555806001839	240	1.62322790433171	0.00036755581
sh600743	华远地产	0.0243357492548435	0.00139328132285732	240	0.651183774988442	0.00139328132
sh600748	上实发展	0.00443181254983582	0.000286120774094638	240	0.261494244864296	0.00028612077
sh600750	江中药业	0.0107196405876074	0.000069498683031489	240	1.28761618621796	0.00006949868
sh600751	天海投资	0.000342290697803782	0.000684930157761942	240	0.0130516505339827	0.00068493016
sh600754	锦江股份	0.00368512730585535	0.000518705020639029	240	0.161476485523122	0.00051870502
sh600755	厦门国贸	-0.00188034839857443	0.00135967510576082	240	-0.0508881231911345	0.00135967511
sh600757	长江传媒	0.0108998264094659	0.000294160106797744	240	0.634726684398902	0.00029416011
sh600758	红阳能源	0.0203076286885434	0.000210010197592608	240	1.40415932736296	0.00021001020
sh600759	洲际油气	0.00225537170226853	0.000498745434392273	240	0.100781592883662	0.00049874543
sh600765	中航重机	0.0073668954421604	0.000217036667236615	240	0.499272496421673	0.00021703667
sh600770	综艺股份	-0.00505696429255109	0.000343384298252796	240	-0.27237070356368	0.00034338430
sh600773	西藏城投	0.00172226421402799	0.000163174743616445	240	0.134549808992475	0.00016317474
sh600776	东方通信	0.056048687844174	0.000959483028626039	240	1.81812138431404	0.00095948303
sh600783	鲁信创投	0.000727986981023721	0.000212612639854532	240	0.049822401550423	0.00021261264
sh600787	中储股份	-0.0212793191867106	0.000779650944146484	240	-0.7614248973634	0.00077965094
sh600790	轻纺城	0.0133806783343524	0.000232009101725404	240	0.878048079049862	0.00023200910
sh600795	国电电力	0	0	240	NA	0.00000000000
sh600801	华新水泥	0.0284534053239569	0.000337660991062524	240	1.55298549328154	0.00033766099
sh600804	鹏博士	-0.0118914958794776	0.000348426596443095	240	-0.636270345463586	0.00034842660
sh600805	悦达投资	-0.00506294996614454	0.00029072256805172	240	-0.296372144459012	0.00029072257
sh600808	马钢股份	0.0418877915684247	0.000948754599723664	240	1.36233397944394	0.00094875460
sh600809	山西汾酒	-0.0060032118850778	0.000482312696686036	240	-0.272822554132767	0.00048231270
sh600811	东方集团	0.0061091828967027	0.00037234530891895	240	0.316005195733143	0.00037234531
sh600816	安信信托	-0.0058679360750955	0.000195565886946807	240	-0.418881821049778	0.00019556589
sh600820	隧道股份	0.00731096817251731	0.0009858396637428	240	0.232388236416325	0.00098583966
sh600823	世茂股份	0.00418714913788087	0.000390267116720748	240	0.211529736972331	0.00039026712
sh600825	新华传媒	0	0	240	NA	0.00000000000
sh600826	兰生股份	0.0138070403655433	0.000579486368222458	240	0.572756679905072	0.00057948637
sh600827	百联股份	-0.0401504909805543	0.000824296897551824	240	-1.40126110608133	0.00082429690
sh600831	广电网络	0.0118765854405462	0.000406984141323844	240	0.587908840269394	0.00040698414
sh600835	上海机电	0.00665067982249079	0.000166659411729792	240	0.514380753280775	0.00016665941
sh600837	海通证券	0.00558812903527262	0.000187325729899893	240	0.407579111198496	0.00018732573
sh600839	四川长虹	0.00591898994753937	0.000968578751823182	240	0.189804363550569	0.00096857875
sh600848	上海临港	0.00520384922244121	0.000697728543139615	240	0.196611949017224	0.00069772854
sh600850	华东电脑	0.00561257435203022	0.000480697979563574	240	0.255492754498788	0.00048069798
sh600851	海欣股份	-0.000798740401327103	0.000272375221478436	240	-0.0482966828102927	0.00027237522
sh600859	王府井	0	0	240	NA	0.00000000000
sh600862	中航高科	0.0132005840163703	0.000370465949892687	240	0.685075322608312	0.00037046595
sh600863	内蒙华电	0.00364818352860163	0.000937087374623732	240	0.118930382389454	0.00093708737
sh600864	哈投股份	-0.0044887785519151	0.000260356780584645	240	-0.277656021557706	0.00026035678
sh600867	通化东宝	0.0315347252422253	0.000327709260200182	240	1.74944824420383	0.00032770926
sh600869	智慧能源	0.0201054054711426	0.000436904380891282	240	0.961726744197718	0.00043690438
sh600871	石化油服	0	0	240	NA	0.00000000000
sh600872	中炬高新	-0.0099072858354865	0.000612470752907015	240	-0.399622924173946	0.00061247075
sh600873	梅花生物	0.0197060299019751	0.000386584958245107	240	1.00226082870138	0.00038658496
sh600874	创业环保	-0.00243209418217638	0.00054255297743863	240	-0.104198749581115	0.00054255298
sh600875	东方电气	0.0208618146573629	0.000446766981635652	240	0.986933878852365	0.00044676698
sh600879	航天电子	0.00445047479242766	0.00050680198689059	240	0.19729491134845	0.00050680199
sh600880	博瑞传播	0.00959357489209522	0.000378281346650615	240	0.492477715183759	0.00037828135
sh600881	亚泰集团	0.00399569677281975	0.000430012453963117	240	0.192299843630583	0.00043001245
sh600884	杉杉股份	0.0180853103533114	0.000420213937437416	240	0.881839320691343	0.00042021394
sh600886	国投电力	-0.00248042859726927	0.000240756393921073	240	-0.159534372097755	0.00024075639
sh600887	伊利股份	0.00489224497781782	0.000242149526136464	240	0.31379726992135	0.00024214953
sh600893	中航动力	0.00349877327226322	0.000263807909218965	240	0.214984531192819	0.00026380791
sh600894	广日股份	0.00181471423960922	0.000245300674876599	240	0.11562835635732	0.00024530067
sh600895	张江高科	0.00186779926798497	0.000209600933679285	240	0.128748442516312	0.00020960093
sh600900	长江电力	-0.00647081720547549	0.000104713483044758	240	-0.631558016261465	0.00010471348
sh600908	无锡银行	0.00536600128276354	0.000140666322751511	240	0.451683597002022	0.00014066632
sh600917	重庆燃气	-0.005012197040555	0.000332753764781161	240	-0.274238418647245	0.00033275376
sh600919	江苏银行	-0.00683343430997496	0.000173992623445818	240	-0.517261189786672	0.00017399262
sh600926	杭州银行	0.0000589214091206713	0.00011782610944366	240	0.00541683631018407	0.00011782611
sh600936	广西广电	0.0152236557159913	0.000258139860328246	240	0.947324106506693	0.00025813986
sh600958	东方证券	0.00669335523391057	0.000150438988569244	240	0.544912304153264	0.00015043899
sh600959	江苏有线	0	0	240	NA	0.00000000000
sh600967	北方创业	-0.00949583814765642	0.000305516924122862	240	-0.542470592506627	0.00030551692
sh600970	中材国际	0.00138756116926131	0.000427164326695273	240	0.0669964910360372	0.00042716433
sh600971	恒源煤电	0.0104695356576741	0.000720174275744645	240	0.389439231716107	0.00072017428
sh600977	中国电影	-0.0104292270000937	0.000130352468175595	240	-0.91314995732594	0.00013035247
sh600978	宜华生活	0.00894959446888033	0.000748860597776371	240	0.326432198163145	0.00074886060
sh600981	汇鸿集团	0.0144515215370606	0.000290675797318326	240	0.847136734875625	0.00029067580
sh600993	马应龙	0.00151481272691956	0.000107788747662274	240	0.145607861663042	0.00010778875
sh600998	九州通	0.00946699802171858	0.000136026549113783	240	0.811130495598189	0.00013602655
sh600999	招商证券	0.00566929231055835	0.00013409050353331	240	0.488810075055868	0.00013409050
sh601000	唐山港	0.00373591654683869	0.000454333248956306	240	0.174916602126878	0.00045433325
sh601001	大同煤业	0.014197004869237	0.000551596135951746	240	0.603684902473064	0.00055159614
sh601002	晋亿实业	0.0202905080085598	0.000601504739038638	240	0.826774155189682	0.00060150474
sh601006	大秦铁路	-0.0247310475983442	0.000622423516274633	240	-0.991251264339232	0.00062242352
sh601009	南京银行	-0.0050754357128181	0.000211796919999208	240	-0.348110332110175	0.00021179692
sh601010	文峰股份	0.0140905450342877	0.000467171183613904	240	0.651130385962458	0.00046717118
sh601012	隆基股份	0.0012515299917607	0.000543633048745432	240	0.0535653901766987	0.00054363305
sh601016	节能风电	-0.00976197835166659	0.000884209982550701	240	-0.327680802137097	0.00088420998
sh601018	宁波港	0.00339412211585244	0.000294806578156305	240	0.197282047644643	0.00029480658
sh601021	春秋航空	0.00745318190452493	0.000160107793354618	240	0.588224295205023	0.00016010779
sh601088	中国神华	0	0	240	NA	0.00000000000
sh601098	中南传媒	-0.00169601329483215	0.000174096966999888	240	-0.12827497207601	0.00017409697
sh601099	太平洋	0.000242421389852754	0.000484789213270128	240	0.0109872220612594	0.00048478921
sh601106	中国一重	0.00756849288470252	0.000936202906751339	240	0.246872724812105	0.00093620291
sh601111	中国国航	-0.0236212429025627	0.000327085017627549	240	-1.30802093296545	0.00032708502
sh601117	中国化学	0.00292971471565451	0.000334610864399985	240	0.159834988182228	0.00033461086
sh601118	海南橡胶	0.0112639804628589	0.000636886563082725	240	0.445589035245664	0.00063688656
sh601127	小康股份	-0.000357459484396694	0.000285336645425521	240	-0.0211174650372282	0.00028533665
sh601128	常熟银行	0.00756920294899777	0.000171114044466146	240	0.577834946317896	0.00017111404
sh601139	深圳燃气	0.000103978000283944	0.000207986240174521	240	0.00719478027546837	0.00020798624
sh601155	新城控股	-0.0125009853480186	0.000155556598863615	240	-1.00231497868147	0.00015555660
sh601158	重庆水务	0.00436858649484773	0.000220510692389877	240	0.293628199573187	0.00022051069
sh601163	三角轮胎	0.00577001552098966	0.000045752462382417	240	0.852555113990953	0.00004575246
sh601166	兴业银行	0.000617357242846173	0.0000641003368394958	240	0.0769493757847782	0.00006410034
sh601168	西部矿业	0.0199662340128063	0.000556963881097707	240	0.845521275961404	0.00055696388
sh601169	北京银行	0.00147065413061209	0.000251330036705853	240	0.0925740929752299	0.00025133004
sh601179	中国西电	0.00723958733783647	0.000419379648445841	240	0.352871488441794	0.00041937965
sh601186	中国铁建	-0.00473142974981278	0.000191230454624797	240	-0.34151764041631	0.00019123045
sh601198	东兴证券	-0.00316188323117683	0.000226547996778204	240	-0.209651983301213	0.00022654800
sh601211	国泰君安	0.00662888892785352	0.000136390720572665	240	0.566804587317174	0.00013639072
sh601216	君正集团	0.0217792773754525	0.00130879924559645	240	0.60121310307886	0.00130879925
sh601225	陕西煤业	0.0179503334568082	0.000412008342902817	240	0.883937566206736	0.00041200834
sh601229	上海银行	0.0000325419545250671	0.0000650788790566584	240	0.00402547326139383	0.00006507888
sh601231	环旭电子	0.00299215943267306	0.000497505975614818	240	0.133873677090237	0.00049750598
sh601233	桐昆股份	0.0151803996002916	0.000244085086383513	240	0.971542520537524	0.00024408509
sh601238	广汽集团	0.00812486220758846	0.000142333100141119	240	0.680262323525317	0.00014233310
sh601258	庞大集团	-0.00303402006979514	0.000793007832352901	240	-0.107518585817512	0.00079300783
sh601288	农业银行	0.00322377485825764	0.000960594540614507	240	0.103800098501597	0.00096059454
sh601311	骆驼股份	-0.00120204165617088	0.000253997302413271	240	-0.0752667983609752	0.00025399730
sh601318	中国平安	-0.0068421176491168	0.000221593903379345	240	-0.458876898172574	0.00022159390
sh601328	交通银行	-0.00301469993704373	0.000380890270303402	240	-0.154155516981676	0.00038089027
sh601333	广深铁路	-0.0416493871676076	0.00243276323689671	240	-0.843913886002429	0.00243276324
sh601336	新华保险	-0.0103549380769754	0.000240027601307423	240	-0.667597653879043	0.00024002760
sh601377	兴业证券	0.00650205566635864	0.000208203115375199	240	0.44986706480156	0.00020820312
sh601390	中国中铁	-0.00107528359024567	0.000181781001409777	240	-0.0795880486955263	0.00018178100
sh601398	工商银行	0.00735685036158185	0.000453452502072261	240	0.344847729281687	0.00045345250
sh601555	东吴证券	0.00518798722072034	0.000215096525435425	240	0.35309272952226	0.00021509653
sh601600	中国铝业	0.0675329592429521	0.00140097380779117	240	1.81284078310877	0.00140097381
sh601601	中国太保	-0.00522051832109793	0.000235216482162339	240	-0.339764451495172	0.00023521648
sh601607	上海医药	0.00807545229290796	0.000284101417663419	240	0.478334018622327	0.00028410142
sh601608	中信重工	0.00971802829886792	0.000442668638048828	240	0.461131962740097	0.00044266864
sh601611	中国核建	0.0069185183209568	0.00205888607178672	240	0.152163785099785	0.00205888607
sh601618	中国中冶	-0.0017688250334591	0.000411045365734219	240	-0.0870643204287764	0.00041104537
sh601628	中国人寿	-0.0371031102026893	0.000528349866318647	240	-1.61962019374988	0.00052834987
sh601633	长城汽车	0.027858142058324	0.000626987754469697	240	1.11311175772492	0.00062698775
sh601668	中国建筑	-0.00593832105399561	0.000147402031291713	240	-0.488339474992871	0.00014740203
sh601669	中国电建	-0.010752541567225	0.000326363164907553	240	-0.594394326195647	0.00032636316
sh601678	滨化股份	0.0130655500247592	0.00128553603571946	240	0.363746714867226	0.00128553604
sh601688	华泰证券	0.0109596927108219	0.000275474189217111	240	0.659547563037808	0.00027547419
sh601689	拓普集团	0.000404968031999742	0.000121566269761935	240	0.0366529341345404	0.00012156627
sh601699	潞安环能	0.049701886720435	0.0018247690374287	240	1.16436881431256	0.00182476904
sh601717	郑煤机	0	0	240	NA	0.00000000000
sh601718	际华集团	-0.00728732555573819	0.000718100670608226	240	-0.271416193864519	0.00071810067
sh601727	上海电气	0.0106347482155474	0.000271967414628527	240	0.644078326613924	0.00027196741
sh601766	中国中车	0.0000707627129055144	0.000141541666724766	240	0.00593547778029763	0.00014154167
sh601777	力帆股份	0.0074342162730211	0.000251994666176934	240	0.467553566488693	0.00025199467
sh601788	光大证券	0.00338847502183715	0.0000857413941174344	240	0.365278021807801	0.00008574139
sh601800	中国交建	-0.00848043733136639	0.000398345843800384	240	-0.424174781864444	0.00039834584
sh601801	皖新传媒	0.030143529439483	0.000352164402148688	240	1.61161685163124	0.00035216440
sh601808	中海油服	-0.000783953064596221	0.000204335412043905	240	-0.0547285943898973	0.00020433541
sh601811	新华文轩	0.0190685462945589	0.00022802866541167	240	1.26433962462236	0.00022802867
sh601818	光大银行	-0.00215096542379645	0.000594024432041666	240	-0.0880707413603756	0.00059402443
sh601857	中国石油	0.00511109733144988	0.000222202870911998	240	0.342246523066456	0.00022220287
sh601866	中远海发	0.0102349855840644	0.000765599987673933	240	0.369235491896216	0.00076559999
sh601872	招商轮船	0	0	240	NA	0.00000000000
sh601877	正泰电器	0.0127441579370119	0.000251566519681277	240	0.802902804675106	0.00025156652
sh601880	大连港	0.00727989868542755	0.00122647087489514	240	0.207457502391049	0.00122647087
sh601886	江河集团	0.0127172575518907	0.000130161327821535	240	1.1152518259597	0.00013016133
sh601888	中国国旅	0.0157825407114267	0.000410117908646849	240	0.778692699886733	0.00041011791
sh601898	中煤能源	-0.00129319510400683	0.000531284606895819	240	-0.0559882138599572	0.00053128461
sh601899	紫金矿业	0.00312881104874685	0.000959849445956335	240	0.100781387904711	0.00095984945
sh601901	方正证券	0.00354420556227109	0.000187859165713745	240	0.258081304515051	0.00018785917
sh601908	京运通	0.00227836413636606	0.000437234361864419	240	0.108735176738845	0.00043723436
sh601919	中远海控	0.0166818097350552	0.000964606115962311	240	0.536318364120363	0.00096460612
sh601928	凤凰传媒	0.0117506594844389	0.000233038358827337	240	0.76909257783739	0.00023303836
sh601929	吉视传媒	0.000390355558695377	0.000780714291988243	240	0.013941445632542	0.00078071429
sh601933	永辉超市	0.0144826019640389	0.000475037961014448	240	0.6637058202917	0.00047503796
sh601939	建设银行	0.010530175034192	0.000242333615650267	240	0.675672874492812	0.00024233362
sh601958	金钼股份	0.0184556834206017	0.000339142315416872	240	1.00217388019641	0.00033914232
sh601966	玲珑轮胎	0.00602033296884563	0.000124079655374218	240	0.539669662121363	0.00012407966
sh601969	海南矿业	0.00882403783826868	0.000391534300693416	240	0.445200650638487	0.00039153430
sh601985	中国核电	-0.00371566639714216	0.000265965233635062	240	-0.227386449926113	0.00026596523
sh601988	中国银行	-0.00212744847681612	0.000751228503371417	240	-0.0774589852103719	0.00075122850
sh601989	中国重工	0	0	240	NA	0.00000000000
sh601991	大唐发电	-0.0104237290780622	0.00058910349319633	240	-0.428733665903714	0.00058910349
sh601992	金隅股份	0.00302299841113263	0.000459515547971735	240	0.1407340343753	0.00045951555
sh601997	贵阳银行	0.00599054335301097	0.000111646266615859	240	0.566146024673966	0.00011164627
sh601998	中信银行	0.00804676244158065	0.000283211165033605	240	0.477382266881099	0.00028321117
sh603000	人民网	0.00218806699908825	0.000320723846987987	240	0.121927544053202	0.00032072385
sh603001	奥康国际	0.00448010010814914	0.000115511097223182	240	0.416127546374952	0.00011551110
sh603005	晶方科技	0.00771265024941037	0.000320138208499731	240	0.430324818872496	0.00032013821
sh603019	中科曙光	0.0800148229607377	0.0023443084434477	240	1.65859957174543	0.00234430844
sh603025	大豪科技	0.0242373245720485	0.000790152083781453	240	0.861779932800892	0.00079015208
sh603077	和邦生物	0.00978685559541559	0.00210648245157631	240	0.2128132831649	0.00210648245
sh603160	汇顶科技	0.0169465113026445	0.000261062341397911	240	1.0490570854405	0.00026106234
sh603169	兰石重装	0.0072410646703609	0.000297866385639936	240	0.418836318604092	0.00029786639
sh603188	亚邦股份	0.00497198615052485	0.000121308937571581	240	0.450672747756513	0.00012130894
sh603198	迎驾贡酒	-0.0309831554179129	0.000915076218414075	240	-1.0243339715399	0.00091507622
sh603288	海天味业	-0.00302790194339864	0.000657061260808669	240	-0.117881276500495	0.00065706126
sh603328	依顿电子	0.00605884865902129	0.00028358668760058	240	0.359134946762489	0.00028358669
sh603355	莱克电气	0.00974560835142202	0.000453887869272242	240	0.456685692218557	0.00045388787
sh603369	今世缘	-0.0111032958430071	0.000789683445533049	240	-0.394420992877149	0.00078968345
sh603377	东方时尚	0.0095172220518519	0.000471634191037961	240	0.437496641959655	0.00047163419
sh603421	鼎信通讯	-0.00122769246914745	0.000287969112239336	240	-0.072196260506226	0.00028796911
sh603515	欧普照明	0.0071787165270556	0.00040516814589239	240	0.355989835456625	0.00040516815
sh603528	多伦科技	-0.00468711847704262	0.000526481536731616	240	-0.203866302544775	0.00052648154
sh603555	贵人鸟	0.0365655743311464	0.000263581419776377	240	2.27167976973443	0.00026358142
sh603567	珍宝岛	0.00623322387358038	0.000278695766185103	240	0.372706564259846	0.00027869577
sh603568	伟明环保	-0.00606858323671067	0.000211469890379105	240	-0.416594947276469	0.00021146989
sh603569	长久物流	0.0140729455951003	0.000247945745376314	240	0.89335466734123	0.00024794575
sh603589	口子窖	-0.0205609551560419	0.000408126874482941	240	-1.01783704156324	0.00040812687
sh603658	安图生物	-0.0135389070101951	0.000843583088500954	240	-0.465382117327186	0.00084358309
sh603698	航天工程	0.0157985384154834	0.000482750852544656	240	0.718318436359603	0.00048275085
sh603766	隆鑫通用	-0.00233242630730335	0.000516480930130928	240	-0.102419734533225	0.00051648093
sh603806	福斯特	-0.0137119627298253	0.00026682327558945	240	-0.838918153462158	0.00026682328
sh603816	顾家家居	0.00907742069024386	0.000314414306696232	240	0.511142380554755	0.00031441431
sh603866	桃李面包	0.00887277816214671	0.000191254311004235	240	0.640796441975404	0.00019125431
sh603868	飞科电器	-0.0048505306668315	0.000428830288782191	240	-0.233770391543333	0.00042883029
sh603883	老百姓	0.00675074629668104	0.000212454859669893	240	0.462387354233909	0.00021245486
sh603885	吉祥航空	-0.00773776499064049	0.000440056381102795	240	-0.368194960983973	0.00044005638
sh603993	洛阳钼业	0.0212825600326205	0.000594717251947654	240	0.872272379575242	0.00059471725
sz000001	平安银行	0.00300518491487434	0.00026603474063886	240	0.183876432842581	0.00026603474
sz000002	万 科Ａ	-0.00340100628066042	0.000258869676796181	240	-0.210960236703297	0.00025886968
sz000006	深振业Ａ	-0.00342136245912172	0.000312894570536716	240	-0.193031085646319	0.00031289457
sz000008	神州高铁	0.0161673869582721	0.000334279319356062	240	0.8838672485993	0.00033427932
sz000009	中国宝安	0.0130498385225154	0.000232263290685837	240	0.855800609240501	0.00023226329
sz000012	南 玻Ａ	0.00937776070575902	0.000258344365120583	240	0.582641201068974	0.00025834437
sz000021	深科技	0.00592466022875093	0.0004142247136126	240	0.29054637455928	0.00041422471
sz000025	特 力Ａ	0.0060868589964802	0.00208092059585624	240	0.133160349522899	0.00208092060
sz000027	深圳能源	0.00321555091119907	0.000305528306859445	240	0.183591941677712	0.00030552831
sz000028	国药一致	-0.00506777381368628	0.00083227732323038	240	-0.175309093171833	0.00083227732
sz000031	中粮地产	0	0	240	NA	0.00000000000
sz000034	神州数码	-0.0141644324928898	0.000372273353548723	240	-0.733414849306142	0.00037227335
sz000039	中集集团	0.00179503195075659	0.000426426368361735	240	0.0867461729429346	0.00042642637
sz000046	泛海控股	0.013519534851925	0.000388763771292838	240	0.684917064922256	0.00038876377
sz000049	德赛电池	0.0160213090728492	0.000685327975120652	240	0.611197034985242	0.00068532798
sz000050	深天马Ａ	-0.00346415650360254	0.000499936800438984	240	-0.15461620162682	0.00049993680
sz000060	中金岭南	0.0152565646734439	0.0008139129992859	240	0.533973857045631	0.00081391300
sz000061	农 产 品	0	0	240	NA	0.00000000000
sz000062	深圳华强	0.00354107140742965	0.000280871873049539	240	0.210869751178824	0.00028087187
sz000063	中兴通讯	-0.0199305067053953	0.000544949776156201	240	-0.853284677333713	0.00054494978
sz000066	中国长城	0.00357250967557199	0.000361776714308375	240	0.187446941922681	0.00036177671
sz000069	华侨城Ａ	0.0069787064802258	0.000382764760164168	240	0.35605528949102	0.00038276476
sz000078	海王生物	0.00340328499822995	0.000291895588291114	240	0.198798813407027	0.00029189559
sz000089	深圳机场	-0.00331631464192594	0.000166217977286367	240	-0.256726047891809	0.00016621798
sz000090	天健集团	-0.00573331950856271	0.000322766826652078	240	-0.318527689825256	0.00032276683
sz000099	中信海直	0	0	240	NA	0.00000000000
sz000100	TCL 集团	0.011564552084959	0.000906716804562257	240	0.383371485724512	0.00090671680
sz000156	华数传媒	0.00756438356759892	0.00036884507009839	240	0.393174449025689	0.00036884507
sz000157	中联重科	0.0111947063881369	0.000626489462769556	240	0.446509000146178	0.00062648946
sz000158	常山股份	-0.000676700053641288	0.000465676372428864	240	-0.0312930813162859	0.00046567637
sz000166	申万宏源	0.0035727392420386	0.000260776944219133	240	0.220802682547071	0.00026077694
sz000333	美的集团	0.0150263707516717	0.000114399074483934	240	1.40776233424271	0.00011439907
sz000338	潍柴动力	0.0162131011332289	0.000332249581860282	240	0.889086905141499	0.00033224958
sz000400	许继电气	-0.00350781442426229	0.000174319980597515	240	-0.265167460899563	0.00017431998
sz000401	冀东水泥	-0.00969762220058523	0.00116818030370707	240	-0.283189079577941	0.00116818030
sz000402	金 融 街	0.0358576645141628	0.000883262504861058	240	1.20767906535458	0.00088326250
sz000408	*ST金源	0.017001072668045	0.000265084265712549	240	1.0443990284304	0.00026508427
sz000413	东旭光电	0	0	240	NA	0.00000000000
sz000415	渤海金控	0.00166622407127881	0.00042343540769231	240	0.080805157441942	0.00042343541
sz000417	合肥百货	0.0119331048629155	0.000364391283420879	240	0.624333531274413	0.00036439128
sz000418	小天鹅Ａ	-0.00436259072204737	0.000308144318350473	240	-0.248037079274777	0.00030814432
sz000423	东阿阿胶	0.0103938279351555	0.0000750600063671445	240	1.20080005195483	0.00007506001
sz000425	徐工机械	0.0161857705306351	0.000957288473085928	240	0.522339711054965	0.00095728847
sz000426	兴业矿业	0.0145840974479701	0.000970553233042115	240	0.467370804072209	0.00097055323
sz000488	晨鸣纸业	-0.00415374254589507	0.000273513191913342	240	-0.250669126636178	0.00027351319
sz000501	鄂武商Ａ	0.0192383564606993	0.000203684087767592	240	1.35030873581563	0.00020368409
sz000503	海虹控股	0	0	240	NA	0.00000000000
sz000513	丽珠集团	0.0176255815441895	0.000433289530503619	240	0.846247443681437	0.00043328953
sz000517	荣安地产	0.000269635586934824	0.000539407028377516	240	0.0115854354448595	0.00053940703
sz000519	中兵红箭	-0.00990509331537892	0.000240109787080734	240	-0.63843543779331	0.00024010979
sz000528	柳 工	0.00349409206386997	0.00022002009115887	240	0.235096798127884	0.00022002009
sz000536	华映科技	0.00717767370819156	0.000514496519605111	240	0.315846769747947	0.00051449652
sz000538	云南白药	0.00095813386647714	0.000336440833269377	240	0.0521275891393387	0.00033644083
sz000539	粤电力Ａ	0.00959549849579966	0.000269348849718728	240	0.583865504246275	0.00026934885
sz000540	中天城投	0	0	240	NA	0.00000000000
sz000541	佛山照明	-0.00210157015191914	0.000182830001053919	240	-0.155108410771442	0.00018283000
sz000543	皖能电力	0.0055167761745134	0.000309632425520944	240	0.312928002937993	0.00030963243
sz000547	航天发展	0.0111084999428377	0.000595293116920803	240	0.454538788264059	0.00059529312
sz000550	江铃汽车	0.000117571566358721	0.000235207274698126	240	0.00765015636581709	0.00023520727
sz000552	靖远煤电	0.010570039892925	0.00062719260861186	240	0.421338091966837	0.00062719261
sz000555	神州信息	0	0	240	NA	0.00000000000
sz000559	万向钱潮	0.000124367668190128	0.00024891540820844	240	0.0078663811792348	0.00024891541
sz000563	陕国投Ａ	0.0131385155111462	0.000470450987690013	240	0.604943307681515	0.00047045099
sz000564	供销大集	0.00323361917914045	0.000284902615611059	240	0.19119088901014	0.00028490262
sz000566	海南海药	0.00544763788287894	0.000179805616394677	240	0.405554587969459	0.00017980562
sz000568	泸州老窖	-0.00759557788307597	0.000514804830414368	240	-0.334144459346752	0.00051480483
sz000572	海马汽车	0.000268642162385757	0.000537254980114253	240	0.0115658458786143	0.00053725498
sz000581	威孚高科	0.00284457293581897	0.000145683191597321	240	0.235210085155747	0.00014568319
sz000587	金洲慈航	0.0161510686816344	0.00041980024257455	240	0.787655292806131	0.00041980024
sz000592	平潭发展	0	0	240	NA	0.00000000000
sz000596	古井贡酒	-0.00871894277348761	0.000502810045831319	240	-0.388143234667601	0.00050281005
sz000598	兴蓉环境	0.00725023706120376	0.000265531432910982	240	0.444187932604657	0.00026553143
sz000600	建投能源	-0.00350177426698994	0.00085480438091779	240	-0.11952564243811	0.00085480438
sz000612	焦作万方	0.0217175242057084	0.000685990720331376	240	0.828643055492508	0.00068599072
sz000616	海航投资	0.0134778550443786	0.000581789142637275	240	0.557974034026408	0.00058178914
sz000620	新华联	0.027333212885829	0.000417679522742645	240	1.33963617123769	0.00041767952
sz000623	吉林敖东	0.0150383919761284	0.000137785893218631	240	1.28286956993314	0.00013778589
sz000625	长安汽车	0.00589798095971639	0.000108597478756146	240	0.56516705686116	0.00010859748
sz000626	远大控股	0.00862294579761369	0.000964362025408758	240	0.27713967802674	0.00096436203
sz000627	天茂集团	-0.00726441725509974	0.000262503135018636	240	-0.447619327575725	0.00026250314
sz000630	铜陵有色	0.020224173418077	0.00123155022543505	240	0.575491278074548	0.00123155023
sz000631	顺发恒业	0.00267459907419254	0.000441171860991768	240	0.127075781332226	0.00044117186
sz000636	风华高科	0.00125096979495454	0.000419654778544838	240	0.0609392971491858	0.00041965478
sz000651	格力电器	0.0150974687077884	0.000150358127259916	240	1.23256534912271	0.00015035813
sz000652	泰达股份	0.0168816430352016	0.00100980386091514	240	0.530450702650194	0.00100980386
sz000656	金科股份	0.00417874590726586	0.000452478041043004	240	0.196053888272399	0.00045247804
sz000661	长春高新	0.0132082943163996	0.000390836454206551	240	0.667339422050585	0.00039083645
sz000662	天夏智慧	0	0	240	NA	0.00000000000
sz000667	美好置业	0.015099137194621	0.000829259086869994	240	0.523539230631949	0.00082925909
sz000669	金鸿能源	0.0397472037669231	0.000580279195366852	240	1.65599415729617	0.00058027920
sz000671	阳 光 城	0.00200786363379646	0.000376082852235806	240	0.103322635833939	0.00037608285
sz000680	山推股份	0.0162513496003504	0.000399424560473109	240	0.812576880168152	0.00039942456
sz000681	视觉中国	0.00277986737860703	0.000279621042804799	240	0.165904240769818	0.00027962104
sz000685	中山公用	0.00378867838861741	0.000128557770228653	240	0.333528500693426	0.00012855777
sz000686	东北证券	0.00294734097447258	0.000166766652882252	240	0.227780341681512	0.00016676665
sz000690	宝新能源	-0.0151481007338484	0.000581430900710493	240	-0.627422126066238	0.00058143090
sz000697	炼石有色	0.0119272635329565	0.000440738049180392	240	0.567330471105674	0.00044073805
sz000703	恒逸石化	0.00469189164180883	0.000389532440523053	240	0.237257869166178	0.00038953244
sz000709	河钢股份	0.0107372217536054	0.000662559826578958	240	0.416418671948488	0.00066255983
sz000712	锦龙股份	0.00612963592982629	0.000187955346402546	240	0.446356239223637	0.00018795535
sz000718	苏宁环球	0.0357393205188539	0.000800739757763494	240	1.26456745747386	0.00080073976
sz000723	美锦能源	0.0545835800122205	0.000624593030429369	240	2.20148703583446	0.00062459303
sz000725	京东方Ａ	0.0160729487688237	0.000895544291221018	240	0.536298418335632	0.00089554429
sz000726	鲁 泰Ａ	-0.00251201835225479	0.000137224799040223	240	-0.214013636137651	0.00013722480
sz000727	华东科技	0.00063190979801897	0.00126382727523185	240	0.017738007855625	0.00126382728
sz000728	国元证券	0.012952877763946	0.00023541608954313	240	0.843698557842941	0.00023541609
sz000729	燕京啤酒	0.0047494508250151	0.000203787478695572	240	0.332084152052055	0.00020378748
sz000732	泰禾集团	-0.000476062396200461	0.000283557598798233	240	-0.0282122215699609	0.00028355760
sz000738	中航动控	0.00423290682672539	0.000256520109477884	240	0.263775549805625	0.00025652011
sz000750	国海证券	0.000168222221287095	0.000336427321944113	240	0.00915231880896711	0.00033642732
sz000758	中色股份	0.0166236016871669	0.000356102797700621	240	0.880509466244551	0.00035610280
sz000761	本钢板材	0.025051530455556	0.000718460897462962	240	0.934367655280882	0.00071846090
sz000762	西藏矿业	0.00587219008083417	0.000304827583512142	240	0.33571340079719	0.00030482758
sz000768	中航飞机	-0.00508612834033473	0.000266234248858598	240	-0.311126220779616	0.00026623425
sz000776	广发证券	0.0111751781949996	0.000160301906365465	240	0.882235372448642	0.00016030191
sz000777	中核科技	-0.00256584930322923	0.000432110894506838	240	-0.123180128577873	0.00043211089
sz000778	新兴铸管	-0.0012479272546938	0.000351246518660652	240	-0.066447798492571	0.00035124652
sz000783	长江证券	-0.00298469816004732	0.000290203667906423	240	-0.174851786845427	0.00029020367
sz000786	北新建材	0.00384894582635242	0.000696501350907756	240	0.145543693459337	0.00069650135
sz000792	盐湖股份	0.0270502009842293	0.000526547920460784	240	1.17979309517092	0.00052654792
sz000793	华闻传媒	0.00592853572190466	0.000329665782960008	240	0.325911976043385	0.00032966578
sz000800	一汽轿车	0.00726253327613247	0.00123738359211859	240	0.206047741613427	0.00123738359
sz000806	银河生物	0	0	240	NA	0.00000000000
sz000810	创维数字	0.00918770596856411	0.000259629381094848	240	0.56940053593324	0.00025962938
sz000813	德展健康	-0.0189405620896749	0.000734615470321784	240	-0.698069160020875	0.00073461547
sz000816	智慧农业	-0.00112129139662154	0.000469181609953356	240	-0.0516587333887287	0.00046918161
sz000825	太钢不锈	0.0351862297299854	0.000733362774820262	240	1.30118632295151	0.00073336277
sz000826	启迪桑德	0.0158643397903762	0.000186898131694096	240	1.16127389117809	0.00018689813
sz000829	天音控股	0	0	240	NA	0.00000000000
sz000830	鲁西化工	0.00806503114499391	0.000703142313356091	240	0.303571834613551	0.00070314231
sz000839	中信国安	0.0619075024492493	0.00172391774849385	240	1.49485540037467	0.00172391775
sz000848	承德露露	0.0043186363917993	0.000126624986801349	240	0.38310125027836	0.00012662499
sz000858	五 粮 液	-0.00531456481590853	0.000150629498972734	240	-0.432290552054763	0.00015062950
sz000860	顺鑫农业	-0.00278207360513449	0.000270114000781463	240	-0.168932934118771	0.00027011400
sz000861	海印股份	0.00571779722099686	0.00065392629893534	240	0.22315309592286	0.00065392630
sz000869	张 裕Ａ	-0.00378672155112159	0.000148588460489143	240	-0.31006410408154	0.00014858846
sz000876	新 希 望	0.00406374282811239	0.00021712164833198	240	0.275256009439481	0.00021712165
sz000877	天山股份	0.0116350912208857	0.000343161197969471	240	0.627294181740498	0.00034316120
sz000878	云南铜业	0.0308654583012199	0.000450973811341679	240	1.45683442913919	0.00045097381
sz000883	湖北能源	0.00219565380855768	0.000346823076401857	240	0.117656460412614	0.00034682308
sz000887	中鼎股份	-0.0106704025399528	0.000176274646770816	240	-0.803090337320537	0.00017627465
sz000895	双汇发展	-0.0109581659284729	0.0000820163559897846	240	-1.21118288906636	0.00008201636
sz000897	津滨发展	0.00998068654856388	0.00249685799984101	240	0.199339297742447	0.00249685800
sz000898	鞍钢股份	0.0237660208046077	0.000677792647115536	240	0.912549994615106	0.00067779265
sz000917	电广传媒	0.00573051616088871	0.000256676148814199	240	0.357034432234392	0.00025667615
sz000919	金陵药业	0.00288753707232692	0.000138623171104182	240	0.244769562130363	0.00013862317
sz000926	福星股份	0.00756677551112528	0.000139834145589996	240	0.639099308700397	0.00013983415
sz000930	中粮生化	0.0226914243922579	0.00367394345637331	240	0.373693630399685	0.00367394346
sz000931	中 关 村	-0.0188768415044315	0.00112988647808664	240	-0.560777762943359	0.00112988648
sz000935	四川双马	0	0	240	NA	0.00000000000
sz000937	冀中能源	0.00579631536646597	0.000512062484916533	240	0.255648488145257	0.00051206248
sz000938	紫光股份	0.0156131935510503	0.000735028287258391	240	0.575086700384985	0.00073502829
sz000939	凯迪生态	-0.00567934321493302	0.000371568660634685	240	-0.294069824146066	0.00037156866
sz000959	首钢股份	-0.000949323069234453	0.000757802892351337	240	-0.0344136162101293	0.00075780289
sz000960	锡业股份	0.017871138498845	0.000443415913502056	240	0.848188881467785	0.00044341591
sz000961	中南建设	0.00509890207271624	0.000321268148580804	240	0.283928767823265	0.00032126815
sz000963	华东医药	0.0140498329185601	0.000184597583613041	240	1.03423960348855	0.00018459758
sz000969	安泰科技	0.0141296505061467	0.000563966655080532	240	0.594180738482923	0.00056396666
sz000970	中科三环	0.0136256021178468	0.000633700811274994	240	0.540470679887009	0.00063370081
sz000973	佛塑科技	0.0122712469705554	0.000299992340532213	240	0.707752774120932	0.00029999234
sz000975	银泰资源	0.00387489245725781	0.000543144421686414	240	0.16592825080637	0.00054314442
sz000977	浪潮信息	0.00392499183454276	0.000789461404216742	240	0.139406907244712	0.00078946140
sz000979	中弘股份	0.00143903715332461	0.00287811195806258	240	0.0267677671305822	0.00287811196
sz000981	银亿股份	0.00323876280539814	0.000263194416189176	240	0.199237094626403	0.00026319442
sz000983	西山煤电	0.0215582288725588	0.000889295448576016	240	0.722198760030633	0.00088929545
sz000987	越秀金控	-0.0114394196922757	0.000304517571331395	240	-0.654757232449641	0.00030451757
sz000988	华工科技	0.0361810146551262	0.000349867872900924	240	1.94551252637969	0.00034986787
sz000989	九 芝 堂	0.0000792865990343339	0.000158523777993812	240	0.00628414138945901	0.00015852378
sz000997	新 大 陆	0.00403983533723906	0.000649593404816604	240	0.158182677567159	0.00064959340
sz000998	隆平高科	0.0130342269554913	0.000206124275320511	240	0.90753013704105	0.00020612428
sz000999	华润三九	0.026965854820478	0.000375929873546723	240	1.39351388393198	0.00037592987
sz001696	宗申动力	0.00411753224893441	0.000324737611991043	240	0.228040132638323	0.00032473761
sz001979	招商蛇口	0.00263606341942613	0.000121476533087388	240	0.238701282324174	0.00012147653
sz002001	新 和 成	-0.00786932210518099	0.000520928711366246	240	-0.344151041573054	0.00052092871
sz002002	鸿达兴业	0.0124122591480604	0.000224004185071419	240	0.828780024718314	0.00022400419
sz002004	华邦健康	0.00263353565929436	0.000222927420638883	240	0.176026858313782	0.00022292742
sz002005	德豪润达	0.00447533249995669	0.000458288319527453	240	0.208635779081274	0.00045828832
sz002007	华兰生物	-0.0164589986753931	0.000163739591068952	240	-1.28801815406549	0.00016373959
sz002008	大族激光	0.00243753254557066	0.000308995652935935	240	0.138383708908225	0.00030899565
sz002010	传化智联	0.00143979984873566	0.000270350701979943	240	0.0873853520677284	0.00027035070
sz002011	盾安环境	0.0133246200355434	0.000650335692132258	240	0.521706826133745	0.00065033569
sz002013	中航机电	0.00459150710446432	0.00029052486411553	240	0.268857776236518	0.00029052486
sz002018	华信国际	-0.00251321168629914	0.000560463338371374	240	-0.105939761835526	0.00056046334
sz002019	亿帆医药	0.0000911051265873875	0.0011095536370328	240	0.00272936741036573	0.00110955364
sz002022	科华生物	0.00368366512861507	0.000186014218182822	240	0.269566806651832	0.00018601422
sz002024	苏宁云商	-0.0337568694142062	0.000897255663985203	240	-1.12758560406107	0.00089725566
sz002025	航天电器	-0.00344024028128498	0.000379207167829113	240	-0.176308023917113	0.00037920717
sz002027	分众传媒	0.0067970926431723	0.000378251309571042	240	0.348848483048833	0.00037825131
sz002028	思源电气	-0.0017849918316174	0.000496350322826744	240	-0.0799541878896539	0.00049635032
sz002029	七 匹 狼	0.0178986546359281	0.000324476423715042	240	0.993613066145719	0.00032447642
sz002030	达安基因	0.0106863537169657	0.000155098329735451	240	0.857603458268091	0.00015509833
sz002032	苏 泊 尔	0.0149303834284404	0.000255005865056293	240	0.934720083506839	0.00025500587
sz002038	双鹭药业	-0.00332743131254487	0.000195767161069616	240	-0.237346965766517	0.00019576716
sz002041	登海种业	0.00232026559858312	0.000151217572224954	240	0.188305113789467	0.00015121757
sz002044	美年健康	-0.015495986983032	0.000544358316152387	240	-0.663391072093485	0.00054435832
sz002048	宁波华翔	0.00264797834265296	0.000221085778090441	240	0.177728081307649	0.00022108578
sz002049	紫光国芯	0.0466239900989937	0.00137446628858356	240	1.25913245461605	0.00137446629
sz002050	三花智控	0.00400943033644607	0.000528337918751723	240	0.17407950466872	0.00052833792
sz002051	中工国际	-0.00512986514557146	0.000254010591283569	240	-0.321267742009972	0.00025401059
sz002056	横店东磁	0.019784173562426	0.000419745734137892	240	0.965524836176425	0.00041974573
sz002063	远光软件	0.0045626082965291	0.000248194398074593	240	0.289058956156734	0.00024819440
sz002064	华峰氨纶	0.00921110195693087	0.000549390097629021	240	0.392287327707135	0.00054939010
sz002065	东华软件	-0.00267057137487381	0.00047017083088884	240	-0.122908920129753	0.00047017083
sz002073	软控股份	0.00549099339587034	0.000304021638677074	240	0.31432704688462	0.00030402164
sz002074	国轩高科	0.0166056343105352	0.000173355467417259	240	1.26276926388642	0.00017335547
sz002075	沙钢股份	0	0	240	NA	0.00000000000
sz002078	太阳纸业	0.0100152196635325	0.000350272515315648	240	0.534330576895605	0.00035027252
sz002081	金 螳 螂	0.0129439978735624	0.00041001042937843	240	0.638460973810936	0.00041001043
sz002085	万丰奥威	-0.00680205671876322	0.000381904876360104	240	-0.347428642154964	0.00038190488
sz002092	中泰化学	0.015868409659617	0.000358910275174199	240	0.837084881288782	0.00035891028
sz002093	国脉科技	-0.0282549357640005	0.00103510933522397	240	-0.877795779232303	0.00103510934
sz002106	莱宝高科	0.0066714614340595	0.00033777647569464	240	0.362342155861095	0.00033777648
sz002118	紫鑫药业	0.00761734276067572	0.000253380515276399	240	0.477768500410872	0.00025338052
sz002122	天马股份	0.01273270901625	0.000185612036871526	240	0.934335376168834	0.00018561204
sz002123	梦网荣信	0.00110212222636419	0.000362000565134838	240	0.0578058114735851	0.00036200057
sz002128	露天煤业	0.0645084352597743	0.00443655822667596	240	0.968360485687263	0.00443655823
sz002129	中环股份	0	0	240	NA	0.00000000000
sz002131	利欧股份	-0.00273236369292928	0.00119083485798423	240	-0.0790153992059416	0.00119083486
sz002142	宁波银行	-0.00252946198672444	0.000142636531510908	240	-0.21137162734603	0.00014263653
sz002143	印纪传媒	0	0	240	NA	0.00000000000
sz002146	荣盛发展	0.0105008817885066	0.00106738428953034	240	0.320813168419014	0.00106738429
sz002147	新光圆成	0.0224336351449362	0.000366655121598154	240	1.17249112267362	0.00036665512
sz002152	广电运通	-0.000803374199271567	0.000819985340577662	240	-0.0279968311259237	0.00081998534
sz002153	石基信息	-0.00270281334095879	0.000530033808692459	240	-0.11715749246669	0.00053003381
sz002155	湖南黄金	0.00487273152664447	0.00028908517769068	240	0.286040300933052	0.00028908518
sz002161	远 望 谷	0.00374701378814712	0.00277975978572601	240	0.0709217685453017	0.00277975979
sz002168	深圳惠程	0	0	240	NA	0.00000000000
sz002174	游族网络	-0.00253752422637099	0.000326721481283502	240	-0.140098186731696	0.00032672148
sz002176	江特电机	0.0720116633698771	0.00217482220105553	240	1.54864706411769	0.00217482220
sz002179	中航光电	-0.016401824829255	0.000411462649789243	240	-0.808002406851909	0.00041146265
sz002180	艾派克	0.0128213027298411	0.000905989270444554	240	0.425234199636022	0.00090598927
sz002183	怡 亚 通	0	0	240	NA	0.00000000000
sz002190	成飞集成	-0.00365000285441175	0.000204659372569171	240	-0.254641755792118	0.00020465937
sz002191	劲嘉股份	-0.00619598468732985	0.000279612513464403	240	-0.369870439788807	0.00027961251
sz002194	武汉凡谷	0.00596877499014903	0.000631670725127775	240	0.237019565455045	0.00063167073
sz002195	二三四五	0.00621526723190469	0.000700433349594934	240	0.234379505263372	0.00070043335
sz002202	金风科技	0.00442181660042151	0.000189375598282279	240	0.320719585824996	0.00018937560
sz002217	合力泰	0.0568631143805157	0.00166672383613453	240	1.39557936126896	0.00166672384
sz002219	恒康医疗	0.00744951963714968	0.000389478296717028	240	0.376798291569712	0.00038947830
sz002221	东华能源	0.00794859999500919	0.000571822139411416	240	0.331782503833145	0.00057182214
sz002223	鱼跃医疗	-0.00364288852648309	0.000515402216863133	240	-0.160136144496232	0.00051540222
sz002230	科大讯飞	0.0574247458505502	0.00246442755161081	240	1.15757313616981	0.00246442755
sz002233	塔牌集团	0.0199041815223818	0.000481677026251867	240	0.906577927678186	0.00048167703
sz002236	大华股份	-0.015722521794962	0.000807246979544828	240	-0.552572874996446	0.00080724698
sz002238	天威视讯	0.0174161918377408	0.000458709604140228	240	0.812599832345063	0.00045870960
sz002241	歌尔股份	0.00428453935886319	0.000652644607994926	240	0.167372668329701	0.00065264461
sz002242	九阳股份	0.000417498482936041	0.00083130311834148	240	0.0144500289190315	0.00083130312
sz002244	滨江集团	0.0148596495350768	0.000263734031034463	240	0.914697841417463	0.00026373403
sz002249	大洋电机	0.019915533857238	0.000778355835476663	240	0.713111976475308	0.00077835584
sz002250	联化科技	0.00775877102380462	0.000121023189461305	240	0.70453485622378	0.00012102319
sz002251	步 步 高	0.00170208834509722	0.000157434377479085	240	0.135376191585978	0.00015743438
sz002252	上海莱士	0	0	240	NA	0.00000000000
sz002254	泰和新材	0.00609091074246382	0.000579741890472445	240	0.252473691874578	0.00057974189
sz002261	拓维信息	0.00754926303585646	0.000522598131716403	240	0.329619315400427	0.00052259813
sz002266	浙富控股	0.0086225084761733	0.000508653827358154	240	0.381634905004424	0.00050865383
sz002268	卫 士 通	0.0259466636526536	0.00057430619626758	240	1.08309443967359	0.00057430620
sz002269	美邦服饰	0.00293886840843915	0.00066269612644636	240	0.113927363310351	0.00066269613
sz002271	东方雨虹	0.0185338288126077	0.000626530272310654	240	0.739748462538964	0.00062653027
sz002273	水晶光电	0.00862709828522013	0.000297957871982543	240	0.499007147211826	0.00029795787
sz002276	万马股份	0.0599399406119681	0.00163580238146487	240	1.4857323636719	0.00163580238
sz002277	友阿股份	-0.00605461258697315	0.000293891243305389	240	-0.352532574390215	0.00029389124
sz002280	联络互动	0.00236821767059459	0.000383967936432154	240	0.120609268424372	0.00038396794
sz002281	光迅科技	-0.0127366775424332	0.000465855013193163	240	-0.589304006501334	0.00046585501
sz002285	世联行	0.0428881171586348	0.00326975624852754	240	0.749345665560479	0.00326975625
sz002292	奥飞娱乐	0.00290981044050242	0.000638702534109339	240	0.114900178241215	0.00063870253
sz002294	信立泰	0.00317747685797343	0.000214299739112112	240	0.216624481383205	0.00021429974
sz002299	圣农发展	0.0372629345983465	0.000775778222201492	240	1.34006875434636	0.00077577822
sz002304	洋河股份	0.0014026951088757	0.000521299581261037	240	0.0613078857172081	0.00052129958
sz002308	威创股份	0.00372199065486789	0.000262698052936262	240	0.229185902051815	0.00026269805
sz002309	中利集团	0.00395295741976853	0.000485111279471126	240	0.179111687369094	0.00048511128
sz002310	东方园林	0.0195763350294351	0.000609630625802142	240	0.792247449413971	0.00060963063
sz002311	海大集团	0.021261589904405	0.000649215494097254	240	0.833922231578824	0.00064921549
sz002315	焦点科技	0.0114473027508949	0.00130362154963035	240	0.316454809921774	0.00130362155
sz002317	众生药业	0.00685968413632054	0.000183097265728999	240	0.506161569547343	0.00018309727
sz002325	洪涛股份	0.00471136805741557	0.00025543854487558	240	0.294222434333739	0.00025543854
sz002327	富安娜	0.00369458696194469	0.000351328209531281	240	0.196715176790349	0.00035132821
sz002332	仙琚制药	0.0165203387821647	0.000519997343707252	240	0.72374755867285	0.00051999734
sz002340	格林美	0.0326856531241938	0.000660179200139048	240	1.27376326816016	0.00066017920
sz002342	巨力索具	0.000184947459137996	0.000369934116975389	240	0.00959576469222109	0.00036993412
sz002344	海宁皮城	0.00376085759819422	0.000262161883325826	240	0.231816457467784	0.00026216188
sz002345	潮宏基	-0.00274801502783661	0.000108832914079648	240	-0.262902728320583	0.00010883291
sz002353	杰瑞股份	0.00669391930530039	0.0000899571875791761	240	0.705029056261485	0.00008995719
sz002354	天神娱乐	0.00892492885207952	0.000374321962070589	240	0.46054074305113	0.00037432196
sz002358	森源电气	0.00138575418349474	0.000148532678154025	240	0.11346978185348	0.00014853268
sz002366	台海核电	0.00397083020446609	0.000288162413421103	240	0.233456243333149	0.00028816241
sz002368	太极股份	0.0110753496413817	0.000812895979178931	240	0.38776611788655	0.00081289598
sz002371	北方华创	-0.00213538061229435	0.000802719223162068	240	-0.0752128305066726	0.00080271922
sz002373	千方科技	0	0	240	NA	0.00000000000
sz002375	亚厦股份	0.00129874316321998	0.000297333216607259	240	0.0751622932406086	0.00029733322
sz002384	东山精密	0.0441071554903248	0.0012496359327851	240	1.24917643745375	0.00124963593
sz002385	大北农	0.00507008123448816	0.000439481141594809	240	0.241374314525514	0.00043948114
sz002390	信邦制药	0.00489610633199822	0.000222903637879668	240	0.327327819642509	0.00022290364
sz002392	北京利尔	0.0500497536672568	0.000701145968858459	240	1.90041239540452	0.00070114597
sz002396	星网锐捷	-0.019607373806677	0.000815957947563447	240	-0.685654905631668	0.00081595795
sz002399	海普瑞	0	0	240	NA	0.00000000000
sz002400	省广股份	-0.00246130134070832	0.000681344589442958	240	-0.0940985122164903	0.00068134459
sz002405	四维图新	0.0865939558529997	0.00444181189817461	240	1.30116880830848	0.00444181190
sz002407	多氟多	0.0124467315327871	0.000165101961798614	240	0.968552545476199	0.00016510196
sz002408	齐翔腾达	0.0101516489147945	0.00028708011461884	240	0.598347395302784	0.00028708011
sz002410	广联达	-0.00860606122268137	0.000624647959113613	240	-0.343706229995634	0.00062464796
sz002411	必康股份	0.0111965994471273	0.000212028796757132	240	0.768276706768224	0.00021202880
sz002414	高德红外	0.00139598574918987	0.000620701831756596	240	0.0559159414738925	0.00062070183
sz002415	海康威视	-0.00720084683076228	0.000358437332640054	240	-0.379665566557512	0.00035843733
sz002416	爱施德	0.0259792127196332	0.000768444496442422	240	0.936934396820553	0.00076844450
sz002422	科伦药业	-0.0118050589762847	0.000273991768023606	240	-0.712448401871857	0.00027399177
sz002424	贵州百灵	0.00300322370418082	0.000132732707342467	240	0.260167788903528	0.00013273271
sz002426	胜利精密	0	0	240	NA	0.00000000000
sz002428	云南锗业	0.0272455777664101	0.000525541546007088	240	1.1895086149382	0.00052554155
sz002431	棕榈股份	0.00124985910525721	0.000595295612687138	240	0.0511199501215771	0.00059529561
sz002437	誉衡药业	0.00450520418731704	0.000371141181249068	240	0.233392943830128	0.00037114118
sz002439	启明星辰	-0.0155375295731913	0.000523710231819082	240	-0.67818354201072	0.00052371023
sz002440	闰土股份	0.00490985550371126	0.000620078833266037	240	0.196776741731053	0.00062007883
sz002444	巨星科技	0.00609475514212487	0.00022548324553303	240	0.405173989629728	0.00022548325
sz002450	康得新	0	0	240	NA	0.00000000000
sz002456	欧菲光	0.00910994843875912	0.000450937211788498	240	0.428270136548209	0.00045093721
sz002460	赣锋锂业	0.00773872606867088	0.000686508660052913	240	0.294794065727714	0.00068650866
sz002463	沪电股份	0.0112706352450286	0.00053875707081131	240	0.484795595274026	0.00053875707
sz002465	海格通信	-0.0041340315354147	0.000253497645747172	240	-0.259143999025656	0.00025349765
sz002466	天齐锂业	-0.00362659775964658	0.000446784366508924	240	-0.171226259913739	0.00044678437
sz002470	金正大	0.0138673976545316	0.000320050200006137	240	0.774503836807551	0.00032005020
sz002475	立讯精密	-0.0114498603646908	0.000769102649524514	240	-0.412150325860469	0.00076910265
sz002477	雏鹰农牧	0.00460869388048657	0.00052185970784752	240	0.201340497238544	0.00052185971
sz002479	富春环保	0.000282367574277242	0.000565015412496914	240	0.0118543605711302	0.00056501541
sz002482	广田集团	0.0423354134183876	0.00253895608036552	240	0.839671049433885	0.00253895608
sz002489	浙江永强	0.00494231004325085	0.000307644259173384	240	0.281235900122043	0.00030764426
sz002491	通鼎互联	-0.0153959251525582	0.000434174710786885	240	-0.738178479245017	0.00043417471
sz002493	荣盛石化	-0.00784289229537005	0.000346316634533	240	-0.420720492549139	0.00034631663
sz002498	汉缆股份	0.00863771692432647	0.000950392248311607	240	0.279648114284985	0.00095039225
sz002500	山西证券	0.0131693980365581	0.000353645140000625	240	0.699551317473845	0.00035364514
sz002503	搜于特	-0.00409271925716037	0.00050386531336034	240	-0.181960924141266	0.00050386531
sz002505	大康农业	0	0	240	NA	0.00000000000
sz002506	协鑫集成	0.000236688704058352	0.000473330886168162	240	0.0108564677428523	0.00047333089
sz002508	老板电器	0.00701117321151556	0.000153172760771517	240	0.565696920406164	0.00015317276
sz002512	达华智能	-0.0129765170017173	0.000815200366887417	240	-0.453739157991605	0.00081520037
sz002517	恺英网络	0.0260138930728858	0.000678016532764897	240	0.999041375543293	0.00067801653
sz002544	杰赛科技	-0.0185792501707355	0.0013040692891874	240	-0.513701468155687	0.00130406929
sz002551	尚荣医疗	0.0196598847783621	0.000364758174232171	240	1.02951491319956	0.00036475817
sz002555	三七互娱	-0.0133289383216809	0.000472615824365108	240	-0.612315340793768	0.00047261582
sz002558	世纪游轮	0.00191941985809951	0.000645700768094674	240	0.0753794256816222	0.00064570077
sz002563	森马服饰	0.00505065240094182	0.000224762040767604	240	0.336265287580147	0.00022476204
sz002568	百润股份	-0.00279177603355685	0.00032500972568892	240	-0.154542318786996	0.00032500973
sz002572	索菲亚	0.0136357759100358	0.000261490310734986	240	0.842732395987621	0.00026149031
sz002573	清新环境	0.0200701912654929	0.000365456400100514	240	1.05009022757821	0.00036545640
sz002581	未名医药	0.0000770306672367438	0.00015409041574117	240	0.00619254556357729	0.00015409042
sz002583	海能达	0.0210491794002449	0.000332462389950642	240	1.15522448705943	0.00033246239
sz002588	史丹利	0.0106180662659416	0.000293753142323699	240	0.61872125519586	0.00029375314
sz002589	瑞康医药	0.00478259993029739	0.000191235494116224	240	0.34520841788237	0.00019123549
sz002594	比亚迪	0.00333611040966286	0.0000851350393188558	240	0.360909145961849	0.00008513504
sz002595	豪迈科技	-0.0048599940791757	0.00013216980909327	240	-0.42201189111923	0.00013216981
sz002601	龙蟒佰利	0.0309313347212802	0.000284552200201388	240	1.8427849710379	0.00028455220
sz002602	世纪华通	0.0153852407283308	0.000172771513191925	240	1.17139860606183	0.00017277151
sz002603	以岭药业	0.00184415337775357	0.000147322147790248	240	0.151627241747555	0.00014732215
sz002619	巨龙管业	0	0	240	NA	0.00000000000
sz002624	完美世界	-0.00139157994563377	0.000703436184443233	240	-0.0523590345016152	0.00070343618
sz002635	安洁科技	0.00448172011246939	0.000893117072946771	240	0.14965947379486	0.00089311707
sz002640	跨境通	0.0106245197958701	0.00110025275534891	240	0.319704870854471	0.00110025276
sz002642	荣之联	0.0128538669873411	0.000537187789065591	240	0.553786704922262	0.00053718779
sz002646	青青稞酒	-0.0132695930694671	0.000234914999972947	240	-0.86531614216111	0.00023491500
sz002657	中科金财	0.00434853306103866	0.000556268838668695	240	0.18400282848296	0.00055626884
sz002663	普邦股份	0	0	240	NA	0.00000000000
sz002665	首航节能	0.0300802596878903	0.00053315272389788	240	1.30463812738806	0.00053315272
sz002670	国盛金控	0.0275284834722513	0.000614306911767592	240	1.11122484622738	0.00061430691
sz002672	东江环保	0.0107349576487216	0.000305872274042411	240	0.613006046902931	0.00030587227
sz002673	西部证券	0.00346495953441495	0.000120251446908346	240	0.315381848055652	0.00012025145
sz002681	奋达科技	-0.0152510394517892	0.00106557663932025	240	-0.466442392294645	0.00106557664
sz002690	美亚光电	-0.00777555665641882	0.0001704302818136	240	-0.594802304375027	0.00017043028
sz002698	博实股份	0.00361016769894762	0.000263936830773939	240	0.22177643090146	0.00026393683
sz002699	美盛文化	0.000827144836906379	0.000166769580755148	240	0.0639175597653868	0.00016676958
sz002701	奥瑞金	0	0	240	NA	0.00000000000
sz002707	众信旅游	0.0178192587904816	0.000857557122877395	240	0.607696458476816	0.00085755712
sz002714	牧原股份	-0.00999921811945959	0.000261399658486165	240	-0.617665315732243	0.00026139966
sz002727	一心堂	0.00957903762281032	0.000299731376173221	240	0.552492345593726	0.00029973138
sz002736	国信证券	0.00515403324463148	0.000129947921211033	240	0.451378544317475	0.00012994792
sz002739	万达院线	0	0	240	NA	0.00000000000
sz002745	木林森	-0.032980311984661	0.000721426449462017	240	-1.22919421254621	0.00072142645
sz002773	康弘药业	0.000637620552076612	0.000517865859846509	240	0.0279606785273313	0.00051786586
sz002797	第一创业	0	0	240	NA	0.00000000000
sz002807	江阴银行	0.00697782558937099	0.000221821661466145	240	0.467746076908748	0.00022182166
sz002815	崇达技术	0.0177077228093382	0.000392016615166803	240	0.893981898494365	0.00039201662
sz300001	特锐德	0.0346141750442278	0.000580108028456486	240	1.44035543454093	0.00058010803
sz300002	神州泰岳	-0.00903830716364551	0.000602732786913278	240	-0.367485900871835	0.00060273279
sz300003	乐普医疗	0.00375461475415828	0.000256275753086469	240	0.234074836333566	0.00025627575
sz300010	立思辰	0.000207099746859174	0.000414131430232507	240	0.0101555604417709	0.00041413143
sz300015	爱尔眼科	-0.00695069694892259	0.000127582753582686	240	-0.61456607716277	0.00012758275
sz300017	网宿科技	0.0118376238082668	0.00174414549564429	240	0.282904081524438	0.00174414550
sz300024	机器人	0.00564876675503756	0.000612114247479772	240	0.227865144370324	0.00061211425
sz300026	红日药业	0.0046791069710489	0.000605607141831328	240	0.189755128223933	0.00060560714
sz300027	华谊兄弟	-0.00838113364013282	0.000350091873305197	240	-0.447184450687861	0.00035009187
sz300032	金龙机电	0.00571265126446296	0.000310819182247874	240	0.323423932721739	0.00031081918
sz300033	同花顺	-0.00611945199713315	0.00114331390870235	240	-0.180614559173156	0.00114331391
sz300039	上海凯宝	0.00282007567952913	0.000263808452207204	240	0.173275442778675	0.00026380845
sz300043	星辉娱乐	0.0100311997306171	0.000358145631318233	240	0.529262026360272	0.00035814563
sz300055	万邦达	0.00737081329856437	0.000365184124520666	240	0.385023681798266	0.00036518412
sz300058	蓝色光标	-0.010206808792853	0.000419865040203717	240	-0.497339628735745	0.00041986504
sz300059	东方财富	0.0119625370993489	0.000584152451260038	240	0.494168759490369	0.00058415245
sz300070	碧水源	0.009032126339241	0.000452348142999679	240	0.423945629639818	0.00045234814
sz300072	三聚环保	-0.0032604086508663	0.000338321299791567	240	-0.17690052699288	0.00033832130
sz300085	银之杰	-0.00101911095847218	0.000409658045252682	240	-0.0502465619203378	0.00040965805
sz300088	长信科技	0.000997446452168038	0.000942313208285015	240	0.0324254666926743	0.00094231321
sz300104	乐视网	0	0	240	NA	0.00000000000
sz300113	顺网科技	-0.00532232986929115	0.000560043400142864	240	-0.224455392980393	0.00056004340
sz300115	长盈精密	0.0131974129872235	0.000871750217536452	240	0.446238411499795	0.00087175022
sz300116	坚瑞沃能	0.010908501243728	0.000279945887822999	240	0.651187868128475	0.00027994589
sz300122	智飞生物	0.00173601372145138	0.000993267362211677	240	0.0549687860301686	0.00099326736
sz300124	汇川技术	-0.00449973283966021	0.000281338184794472	240	-0.267750841407624	0.00028133818
sz300133	华策影视	-0.0237394397029942	0.000908448478205941	240	-0.78700167248641	0.00090844848
sz300134	大富科技	0	0	240	NA	0.00000000000
sz300136	信维通信	0.0203637983811936	0.000795577721927233	240	0.7212451884487	0.00079557772
sz300144	宋城演艺	-0.00449490467278102	0.000191527886887895	240	-0.324185265937543	0.00019152789
sz300146	汤臣倍健	0.0112751060771602	0.000297003148620689	240	0.653463092216243	0.00029700315
sz300147	香雪制药	0.00209451606851119	0.000197187140619222	240	0.148853092505733	0.00019718714
sz300156	神雾环保	0	0	240	NA	0.00000000000
sz300159	新研股份	-0.00349824632114137	0.000740596201831007	240	-0.128282651165202	0.00074059620
sz300166	东方国信	-0.00301559265633422	0.000616132018830234	240	-0.121239035259124	0.00061613202
sz300168	万达信息	0.00149860314548222	0.000456035005801371	240	0.0700301948552972	0.00045603501
sz300182	捷成股份	-0.0182872455046422	0.000517727469833189	240	-0.803112242990577	0.00051772747
sz300199	翰宇药业	0.00328674527534889	0.000348760940347409	240	0.175640022420537	0.00034876094
sz300202	聚龙股份	-0.00151793178014592	0.000370293673862468	240	-0.0787187278488678	0.00037029367
sz300244	迪安诊断	0.00570161995446361	0.000240508850729424	240	0.366985067429534	0.00024050885
sz300251	光线传媒	0.00131957235258118	0.000360144077224885	240	0.0693893426769546	0.00036014408
sz300253	卫宁健康	0.0028621099755417	0.000543012761294086	240	0.122571155006675	0.00054301276
sz300257	开山股份	0.0107640183539683	0.000332226046148445	240	0.589748293228129	0.00033222605
sz300266	兴源环境	0	0	240	NA	0.00000000000
sz300267	尔康制药	0	0	240	NA	0.00000000000
sz300273	和佳股份	0.000111445620994632	0.000222949733514539	240	0.00744822709541928	0.00022294973
sz300274	阳光电源	-0.0014005289884208	0.000443273294276283	240	-0.0663825073173126	0.00044327329
sz300287	飞利信	0.00484932600352539	0.000514173755480407	240	0.21343279048911	0.00051417376
sz300291	华录百纳	0	0	240	NA	0.00000000000
sz300296	利亚德	0.00399598690710246	0.000598491938593329	240	0.163009297117646	0.00059849194
sz300297	蓝盾股份	-0.00150798528421314	0.000459275481400396	240	-0.0702195888817897	0.00045927548
sz300315	掌趣科技	-0.00477521553795623	0.000437230557372546	240	-0.227917801531609	0.00043723056
sz300324	旋极信息	0.000925643241379226	0.000597813464744507	240	0.037779431165001	0.00059781346
sz300383	光环新网	0.0040236963437098	0.000543147019045308	240	0.172300603735305	0.00054314702
sz300408	三环集团	0.00465760734616205	0.000472200394389318	240	0.213911730138354	0.00047220039
sz300418	昆仑万维	0.0132163233469007	0.000432975303231941	240	0.634362842851291	0.00043297530
sz300433	蓝思科技	0.0138297580335803	0.000448319674003419	240	0.652379571824293	0.00044831967
sz300459	金科娱乐	0	0	240	NA	0.00000000000
sz300496	中科创达	0.0577979370353122	0.00184444829754038	240	1.34808521496825	0.00184444830
sz300498	温氏股份	0.00293936706002074	0.00029515630847042	240	0.170744846360117	0.00029515631
sz300529	健帆生物	0.0118222308814127	0.000252677223876781	240	0.743037552078167	0.00025267722
sz399001	深圳成指	0.00610184731486274	0.000012946244470418	240	1.70255271619145	0.00001294624
sz399006	创业板指	0.00321529147828437	0.0000241387864679331	240	0.653647802944115	0.00002413879
